400 2636 347
34 48 4062
308 36 9071
274 378 6106
95 241 1424
360 156 3705
141 309 4932
315 153 6939
366 12 9044
283 177 1653
160 71 472
195 226 1061
117 119 8884
195 107 4199
118 205 4979
43 216 5433
56 257 786
332 42 8138
365 226 4751
75 119 9465
109 253 9506
374 337 9997
69 96 2124
172 202 2016
273 112 8319
119 296 9217
53 8 2317
317 260 474
66 229 5269
7 169 829
278 383 3883
112 250 3206
67 90 9894
129 372 5724
213 285 4031
76 277 777
158 322 5320
55 92 1116
52 143 2202
154 131 1083
316 83 4275
252 121 8895
359 340 3055
90 52 8794
253 360 6389
137 295 1755
376 225 8581
142 207 21
148 14 8528
363 100 6683
181 255 1256
380 269 8608
345 72 697
290 388 5022
208 10 3687
254 27 4629
248 62 4281
289 270 6454
300 354 997
147 202 8943
383 376 7054
338 14 7608
68 396 6938
126 352 6094
17 165 8136
161 146 2688
102 80 8706
19 103 1304
136 344 3358
79 400 8412
129 154 5739
271 395 3349
268 231 4297
287 77 9790
269 187 9369
271 302 3488
175 301 8774
105 149 4732
306 279 1795
118 245 1786
164 24 5606
252 56 3074
238 22 8596
202 59 6344
273 265 2319
86 361 3693
353 6 6573
277 155 163
146 89 5162
396 15 3327
322 117 8881
295 312 1493
151 144 4293
135 294 2416
298 58 774
272 118 8993
3 317 3841
371 301 1257
325 155 1208
72 240 6265
45 52 2356
320 215 57
183 6 6999
9 83 1975
224 377 3606
354 156 7522
51 90 9877
33 191 4247
93 40 3189
323 23 7675
115 189 1003
387 235 4089
182 111 5091
222 8 2718
197 38 9524
230 303 2994
99 143 7460
84 258 1401
314 194 3295
178 378 5146
64 17 6515
88 172 4830
279 146 2767
199 44 6141
10 317 4188
229 113 9781
166 249 2700
8 123 4172
151 163 6546
69 354 2359
84 352 5153
266 16 1435
317 213 5945
298 257 3940
227 179 1310
296 137 2659
296 360 4970
7 70 8892
199 324 294
33 71 9071
134 72 3924
5 204 1895
171 133 8288
310 303 3777
28 51 3863
129 387 111
91 80 9271
318 187 9725
337 75 6345
58 109 6018
394 49 7020
36 329 5130
32 358 6563
118 99 7491
92 232 6593
5 264 2694
345 352 67
252 96 6472
58 313 4846
229 352 7841
47 230 3178
249 323 4251
323 110 2302
42 200 734
120 267 61
109 239 1691
375 370 9936
109 95 5336
322 356 310
173 395 7019
43 374 6617
77 359 7881
107 333 9890
17 181 4768
299 398 2735
318 339 9554
278 116 7074
277 265 1541
305 354 5117
164 47 9624
74 12 1869
59 125 4440
337 144 1268
299 294 1988
244 105 9914
149 22 6556
271 71 1622
1 363 240
99 344 9880
93 18 1735
293 11 4523
8 179 7550
154 278 4969
206 110 1252
96 341 734
294 167 3587
335 150 288
346 271 1072
369 194 5502
246 85 2934
48 350 3209
277 76 4111
319 114 912
247 318 2324
170 40 1727
182 208 2886
305 376 6553
139 23 6637
178 83 2293
203 299 8048
182 46 9719
359 345 6630
351 385 2560
84 303 4796
352 193 1159
375 307 1270
284 121 2905
261 229 9627
226 383 7326
25 326 2236
72 117 8157
278 375 9380
23 110 1907
287 102 4982
168 83 3503
309 310 802
253 278 2209
64 381 5737
225 118 675
208 131 5602
388 83 1351
197 121 2813
145 164 115
29 360 3480
129 118 6410
270 348 6784
101 216 235
5 351 8346
127 340 2415
157 121 897
34 175 8319
114 263 7681
107 228 1172
24 11 4708
319 349 8738
167 213 333
245 354 2534
393 255 8498
54 375 3790
22 158 5343
84 256 4090
95 55 3864
73 120 1713
297 400 9662
225 162 5446
44 248 8630
137 46 1900
124 184 9045
153 32 5623
215 27 9440
159 380 3157
127 59 3234
61 294 2427
42 285 4062
309 8 5620
279 287 5383
227 325 3287
243 113 5613
107 269 1655
140 385 3898
20 49 9696
213 251 8366
293 152 6496
218 303 407
126 130 6659
117 84 6036
26 301 1508
370 382 8107
2 21 3536
224 123 1112
260 1 5259
217 3 4952
214 107 568
322 224 3302
85 63 613
373 59 38
146 55 6949
302 169 2064
62 262 737
389 38 6254
20 163 1041
235 47 2136
199 135 2598
328 373 63
14 329 3147
227 64 9640
156 185 3405
114 242 363
68 92 3895
356 349 6028
109 87 8418
253 278 5416
289 159 253
337 268 7748
43 287 88
116 371 5282
305 298 8743
224 341 6341
144 227 2004
24 26 5206
375 266 1013
172 150 5446
37 153 7520
140 387 8103
118 335 9723
258 336 454
284 108 855
155 250 8874
58 206 2095
86 122 130
70 235 3949
367 382 3916
222 303 7422
61 75 9666
363 135 3766
74 323 3977
229 382 3174
242 147 1339
103 136 6236
191 207 9748
308 157 5835
211 321 3452
393 215 1228
119 239 2948
373 94 1572
227 300 5075
117 3 1320
79 273 8691
323 171 3917
89 92 567
129 109 7748
278 89 3151
178 303 3733
93 16 9006
394 62 4075
177 350 8810
390 268 5680
304 136 8710
174 15 9673
377 44 2684
121 390 2756
242 58 2623
193 189 416
362 227 9471
376 261 6462
172 239 6956
330 93 5110
85 260 6480
197 389 9500
118 388 3816
21 212 4083
76 24 6658
68 326 4098
79 380 4845
145 188 3654
10 347 9596
64 110 4631
267 315 940
306 308 6223
315 363 6104
149 261 87
158 379 1610
14 398 8180
62 140 7141
341 102 5025
68 361 2783
129 272 478
104 181 2948
53 147 6936
90 6 5272
123 374 362
17 322 8204
304 175 85
388 233 9860
95 109 6027
23 146 9127
321 371 8193
56 121 4120
84 376 8821
137 88 2068
251 204 5309
143 165 813
70 188 3362
171 349 2422
51 26 4332
249 366 3743
308 214 6335
343 234 4530
210 384 6101
295 298 5838
306 114 5325
344 96 8371
133 72 5444
385 161 8063
150 195 6290
174 258 4168
335 30 3784
400 1 4906
268 272 4888
31 87 2834
260 115 9380
18 124 3595
260 35 4619
371 251 2824
366 58 672
107 231 9123
193 330 9341
357 365 9445
9 92 2424
97 251 2630
90 392 2339
118 288 2118
265 117 2313
205 133 6108
203 371 6807
332 172 1231
129 310 1657
207 392 5603
323 85 2647
125 172 7013
107 371 9662
297 264 8473
37 205 3522
326 112 6435
213 149 5380
161 302 3893
249 366 7744
297 91 8616
368 392 5034
257 393 7437
26 205 8393
344 196 4277
18 252 5091
168 297 2703
152 341 2282
269 311 5794
115 165 9063
376 132 8778
214 276 1910
356 178 4743
305 173 1
295 340 8132
299 301 5905
93 219 181
206 15 8225
353 165 1556
50 86 5492
61 359 1581
222 396 9082
339 361 935
140 122 1534
44 178 53
108 200 1795
64 197 6766
251 246 5055
374 348 6489
132 267 3368
302 323 3036
151 398 4717
76 135 2822
281 130 311
71 400 4042
108 119 33
322 60 478
366 382 9077
58 46 6052
151 332 4041
129 134 41
319 114 5433
313 65 2332
142 395 7766
228 180 3280
184 39 9102
91 276 1028
87 71 1613
173 25 6753
42 122 1924
58 163 8166
349 263 3912
176 205 6656
235 250 9774
180 49 4446
273 83 1908
132 315 3795
20 349 8131
332 113 3004
85 156 6707
135 306 2308
275 234 3918
136 303 9460
321 19 6393
313 7 3056
184 254 3072
275 278 2064
288 382 7057
301 288 7244
155 153 9835
122 89 1659
354 392 4199
174 328 1357
291 176 4583
112 173 8342
137 96 7390
6 240 6797
174 187 511
28 299 1493
174 167 2537
230 314 5323
29 343 8546
392 225 9681
12 181 1188
132 398 9673
22 371 5797
51 64 4069
257 259 5482
102 375 4014
259 356 9806
206 285 1331
370 31 3534
377 244 4676
240 307 5224
384 50 2574
118 301 5013
286 218 9961
47 43 5476
243 28 767
184 35 2280
122 271 8847
150 350 8788
7 28 4867
39 74 4453
164 334 2542
205 336 8383
236 41 3018
72 98 3116
153 72 2543
3 264 4098
299 26 1815
129 348 8004
185 302 5634
8 260 5964
252 318 756
141 96 9238
153 58 4567
225 20 7679
94 278 3182
397 23 5567
32 390 790
121 204 6916
308 72 5987
178 240 4272
173 18 9945
61 148 4373
37 76 7225
102 45 2528
142 384 4078
398 266 227
121 400 1960
19 36 8550
328 361 2792
1 44 4368
177 86 8348
136 97 6401
3 391 3853
207 16 9683
222 307 6742
170 241 962
189 218 6919
247 351 9833
150 384 1291
206 279 2719
117 358 8342
26 339 193
212 203 8722
370 360 2528
47 290 6506
140 383 2957
7 84 6327
355 144 9283
37 105 1659
391 85 9526
96 162 2940
374 29 4794
225 314 6387
345 271 4022
343 206 3701
322 130 1114
166 201 9825
339 9 2381
197 84 7610
225 211 9308
327 190 5046
331 339 9695
41 280 7255
229 285 5325
236 211 8217
121 114 5955
116 125 941
95 253 8608
306 121 9876
283 270 5011
351 141 3088
232 118 7080
282 81 6839
307 211 4577
274 230 9112
26 334 3857
247 325 5842
245 82 9390
333 73 5186
21 303 6551
258 15 542
44 256 3330
66 251 79
317 152 1947
359 190 2867
165 83 570
118 279 5090
216 12 9203
88 38 4160
336 154 6963
5 152 2357
211 144 9480
7 158 1417
180 132 1570
269 32 6210
172 383 56
366 147 4066
73 37 1053
224 70 8140
199 263 9236
345 34 3223
174 391 289
69 210 2854
44 235 7553
136 144 9013
131 149 9788
54 161 328
149 385 7001
48 387 8368
190 112 2626
369 101 4111
338 19 2473
344 312 6606
280 27 8522
264 260 7019
199 337 4371
95 397 3192
15 97 3713
227 247 1745
154 187 9788
386 38 3198
324 268 164
139 330 8105
312 201 1500
89 346 7057
172 14 6695
335 80 3071
223 117 2291
9 309 7912
241 90 5843
177 174 1525
163 286 6128
145 71 3262
48 41 8433
344 285 8285
171 37 889
319 241 4609
395 264 930
190 299 7649
355 337 4569
170 124 4627
134 342 5081
337 393 4780
347 301 8731
8 100 5531
44 233 9726
340 156 9696
228 118 9986
135 39 3714
329 264 5387
317 14 1217
71 144 1235
327 137 8616
143 239 1664
326 28 3143
48 352 9223
155 17 4942
356 33 2688
286 311 574
253 17 9100
302 123 1772
368 335 6132
24 262 8022
146 130 4355
186 342 4507
194 164 8405
105 32 6037
118 244 161
48 102 6234
42 236 6788
268 340 7779
389 30 3104
21 113 6827
61 294 8820
159 340 8971
126 267 2381
193 164 7557
134 71 2540
21 355 6031
373 249 2713
289 77 9682
66 215 6360
116 236 6562
352 314 6602
292 191 4576
338 100 3815
71 61 253
75 196 5274
255 4 225
363 173 9901
59 390 221
262 307 6709
107 85 8573
311 134 1088
20 285 4466
68 243 8893
276 257 2509
210 57 8316
7 235 9967
140 313 856
378 302 8096
32 321 4289
207 381 6254
154 121 750
2 17 9977
228 142 2354
186 182 5595
381 79 4157
84 374 2828
184 342 7062
187 122 9191
184 377 471
348 93 2102
314 353 7497
73 146 5397
36 57 9793
363 57 3572
348 186 8186
92 381 7662
330 85 7156
53 241 6825
145 274 1484
229 107 222
379 121 1997
242 241 9515
100 223 791
308 67 6086
25 386 2047
240 120 6245
306 119 5431
162 332 1450
398 242 7053
205 265 8084
317 215 5049
279 53 2099
82 81 211
80 12 8987
218 209 4419
243 79 9005
343 392 7597
335 124 5361
18 343 9083
183 223 1624
223 310 8316
8 265 8240
354 211 445
218 399 712
338 221 7446
122 6 1782
45 177 9960
119 29 9287
380 372 6613
315 10 646
38 17 6095
252 232 9568
138 341 3204
354 193 7463
25 296 7306
331 264 3300
130 206 1559
173 345 2017
226 206 5908
346 277 1575
106 193 6195
378 328 4245
66 335 461
180 92 1921
174 278 2592
191 307 8931
191 188 7992
232 399 2767
317 214 1484
132 342 643
322 57 4923
8 84 1090
90 81 4728
133 225 7087
233 335 7956
201 308 7421
269 295 1579
180 262 758
357 361 8753
23 315 5865
17 160 4541
339 174 5865
123 41 3045
208 252 5203
277 326 8155
268 228 1727
245 115 8008
198 44 5867
14 359 1687
171 102 4403
48 318 7013
176 149 4484
66 118 1287
128 233 7043
334 120 4844
87 210 3864
141 25 6820
175 148 1136
115 97 7087
283 391 4003
397 250 170
50 258 5267
90 284 4839
254 344 5381
71 136 5836
356 99 8740
143 180 9983
181 79 4867
258 118 8831
54 250 9250
4 19 6101
44 281 437
41 313 172
76 333 3729
303 266 4574
113 72 9896
204 380 6785
191 170 7941
24 111 305
215 208 555
61 381 8223
234 190 5242
62 216 7737
98 348 4851
245 271 5307
159 174 2830
241 306 9654
127 120 5353
142 56 351
353 49 8659
263 159 2986
75 22 2504
121 307 2696
121 66 447
153 273 6158
57 92 3394
296 109 2951
36 321 3006
324 210 9900
127 226 3499
227 106 8642
258 304 6300
299 78 869
87 119 4874
341 287 4339
22 136 3886
34 53 3899
400 10 8893
237 295 9622
362 147 7304
35 92 1701
332 19 3476
32 129 9005
347 82 806
235 346 8048
82 266 4931
339 238 6798
279 23 4838
219 318 9211
12 237 3778
4 133 5073
388 233 7546
153 166 5240
40 156 1935
224 193 5108
122 309 6233
143 71 2784
41 126 3672
28 272 3833
21 218 1053
105 57 5085
117 156 8003
143 243 2933
359 234 7827
393 42 8928
327 131 6425
52 131 7217
130 366 160
101 329 9355
140 116 1188
250 184 6666
64 400 857
37 90 1365
264 374 3351
341 18 5427
76 256 2936
119 103 7819
320 336 7700
29 210 6848
248 82 1116
77 394 5787
287 97 3797
76 351 7178
8 253 2615
59 6 3242
387 362 2902
259 132 5376
52 92 8432
204 62 2109
223 48 3223
35 127 3635
328 254 5265
253 122 8977
249 94 7949
262 178 4855
149 295 5448
366 359 4742
156 351 8032
86 147 3222
143 319 504
70 374 574
389 181 5612
98 110 3102
78 112 2438
158 346 2144
328 263 4339
302 208 3376
208 282 4255
98 188 3369
90 285 9879
114 27 4817
259 305 7599
166 8 2887
294 276 6321
360 327 3275
93 156 9849
301 336 7358
395 287 4479
16 77 6971
135 165 9044
369 374 6022
26 242 5312
206 140 6339
268 93 1210
240 244 7001
154 38 9096
216 166 3752
364 376 8105
155 86 3367
262 122 9713
299 386 8002
285 27 7044
71 28 5268
156 222 5814
149 313 7857
102 19 3153
286 107 4214
190 392 6920
218 379 3428
148 207 8555
365 90 5450
178 385 6330
146 138 2802
23 131 9631
390 392 206
147 375 2423
7 124 563
68 165 7025
333 195 6166
128 363 1049
41 203 1510
387 34 8150
333 48 3866
74 178 7762
156 198 4267
352 248 3481
194 263 8132
297 390 1637
166 367 6984
269 315 6344
271 262 2596
134 36 6107
228 333 9622
396 227 1126
295 171 5389
336 333 3457
132 394 6995
279 42 6026
310 13 3192
73 200 2678
314 308 5056
137 256 9276
167 210 9502
119 221 1008
237 302 6450
100 168 3405
269 40 9984
86 89 6662
281 189 5459
348 123 6157
125 207 1921
210 222 4196
397 254 8000
137 18 1589
32 42 5641
320 178 4717
205 93 5242
247 14 3805
100 388 6978
309 365 2403
207 221 4152
327 370 4580
298 87 8620
315 125 8302
63 37 7377
380 325 1486
183 276 9722
193 324 7469
109 239 7748
97 371 8447
389 48 2900
137 119 8446
124 394 3490
384 251 6435
288 387 8230
297 255 2422
388 7 8865
155 49 7591
124 154 2110
93 58 5646
383 237 697
21 139 5215
204 196 7664
258 265 321
332 198 3401
248 390 8561
139 342 9811
267 305 7585
257 97 8881
366 143 7590
53 297 563
382 155 1585
163 161 8966
250 396 7822
172 281 8351
325 310 8171
366 75 9331
222 164 2042
277 310 4874
95 275 3978
258 298 1653
164 16 8850
363 389 3420
238 294 3919
274 141 780
136 242 3663
153 110 6001
281 185 8173
293 69 4815
187 141 8383
322 77 1591
58 170 7519
343 297 8231
192 55 8102
282 147 993
399 90 1823
215 260 3009
48 220 7418
156 276 4680
139 319 5166
72 355 9102
23 108 6757
21 88 7079
36 369 4130
115 234 3604
38 202 6964
69 93 493
308 190 9377
273 254 9245
145 365 1468
3 193 5853
346 296 5752
115 42 1285
145 33 4626
136 315 8575
57 388 3161
139 237 3038
130 132 9216
193 177 7407
326 90 3942
290 200 2749
68 364 2757
351 209 75
364 362 1465
147 35 8028
43 270 8947
88 251 2374
57 147 1454
301 215 2152
97 342 9377
325 50 3177
288 204 5349
195 306 3011
177 260 5704
132 16 2735
231 350 7651
189 40 6434
76 170 8840
262 274 3911
233 357 5680
86 383 6189
390 305 5635
240 390 276
323 133 5272
286 192 1828
119 244 5215
316 18 6750
361 113 1404
56 123 8918
28 66 3830
8 302 2160
128 3 8400
91 65 1082
86 126 1431
115 294 1626
131 329 2237
210 282 2857
296 240 836
21 252 8526
336 84 9918
302 287 7823
27 179 7188
101 370 8949
219 361 1333
305 110 1951
252 375 7169
387 82 2138
136 226 8790
67 155 6862
91 62 6921
62 40 2028
242 156 5400
159 44 7573
235 369 3215
189 244 2958
313 312 7881
309 235 1394
358 347 2473
232 10 9816
318 317 9065
327 310 8934
376 202 2114
190 116 9509
7 131 8987
78 159 9078
369 147 7735
335 381 5188
79 375 4298
85 334 5516
310 269 9787
305 86 2554
357 171 4432
138 396 2581
303 99 373
141 163 397
170 277 2702
242 72 1763
249 389 4735
33 381 5080
326 317 2394
52 36 3322
163 165 1944
301 95 2572
194 210 410
331 39 1461
130 204 7313
249 315 5355
92 180 7131
23 235 7872
127 261 8673
347 52 4269
344 392 1439
330 158 6269
197 46 9458
67 307 5581
284 169 1544
317 178 882
278 28 1508
194 229 3130
161 356 6048
219 319 2359
246 6 1655
124 58 7528
103 266 6579
194 351 2602
348 215 8100
364 133 9535
335 64 145
87 271 2093
6 126 7491
286 33 634
337 176 8751
81 274 5157
276 272 5363
68 136 7079
278 71 3493
187 271 7083
74 99 4712
35 43 6939
189 102 3711
244 80 3021
224 98 2838
246 191 3053
328 307 574
288 371 3067
180 397 1353
168 300 2136
141 296 1814
359 219 1980
308 328 6078
236 174 3259
344 113 9375
196 158 7881
326 138 6793
7 327 5610
198 144 807
117 6 2271
115 302 7935
242 105 9229
42 58 3181
111 387 9791
213 3 3676
90 318 9662
345 185 4597
40 213 2687
95 350 2380
2 305 3534
79 123 5705
397 324 8105
131 20 6756
318 212 1551
202 16 6643
205 10 953
155 130 8120
391 251 4552
349 285 7302
122 166 1073
291 344 9540
236 158 5558
397 173 2053
364 329 7334
331 136 9398
253 361 9959
164 333 792
208 42 4162
72 153 7536
16 397 5536
194 13 6940
227 355 339
194 392 4584
399 238 3126
169 276 8722
394 308 8024
261 195 5017
166 292 7398
351 331 2109
283 126 665
99 174 50
263 29 5104
46 254 6182
387 263 2686
238 65 2181
215 343 6085
197 256 265
384 58 3556
191 118 7191
96 169 8751
119 279 5688
167 197 8654
68 365 1268
95 361 2952
185 186 3349
253 300 7087
348 234 4794
278 53 3743
358 344 3002
255 387 8275
187 84 1467
361 92 7512
44 178 1187
396 54 3206
283 293 8190
243 52 1578
302 365 3712
264 114 3769
39 206 6925
289 228 242
98 35 7014
282 123 2994
320 51 3574
275 361 3421
194 81 8748
188 279 1914
106 105 5723
272 67 6271
46 297 17
191 223 1359
381 285 6980
352 375 9569
86 111 4547
134 307 8306
374 366 170
130 285 6988
290 14 5127
185 20 5192
262 160 2108
54 210 7922
364 66 2517
370 25 9531
192 57 4637
210 101 1908
371 397 859
97 141 4216
125 54 5345
271 43 1882
232 213 5943
330 174 3776
378 261 1317
379 157 4496
290 354 608
147 30 3546
6 170 5478
374 54 9141
172 307 9772
121 100 5645
151 252 9959
344 349 9539
152 89 7178
329 9 4644
55 270 3015
343 62 4219
199 359 9098
189 317 9114
106 149 2611
315 388 8169
249 265 6800
162 47 8505
297 284 2189
320 192 4664
172 106 3512
301 106 2054
218 147 7273
183 386 3831
96 84 3841
42 393 9688
154 130 4914
164 37 6055
268 280 7982
119 63 2958
7 195 148
15 306 3552
217 315 6824
374 209 1622
69 244 4657
373 25 5642
388 229 5128
382 248 6757
171 104 4095
231 349 5334
319 131 3919
41 354 9476
85 69 502
232 262 8997
286 36 1008
325 127 9166
194 246 4020
226 336 333
11 29 5122
372 6 5
101 120 3787
207 121 2314
69 231 7361
334 240 3388
38 15 5728
290 165 1384
267 14 1724
60 282 2477
17 400 8972
205 139 8620
99 114 9254
29 101 2547
324 374 797
42 55 9082
119 216 9560
260 392 1919
339 47 5363
53 312 7486
85 280 1227
293 266 2740
341 30 3541
175 209 3958
205 334 6032
285 26 1533
22 298 9932
251 42 8292
20 283 8522
73 265 6356
340 347 3877
178 222 606
229 35 6624
364 301 5018
101 354 49
368 317 3264
365 238 1150
380 382 5125
158 287 70
198 202 6343
348 170 4562
260 314 7483
395 155 7870
328 172 7973
73 53 6066
145 211 3433
28 78 9653
303 79 6146
13 390 9411
86 173 1137
100 216 7101
167 66 4759
356 323 4321
282 35 3077
202 346 4683
336 296 499
290 106 5980
23 226 2703
249 379 5865
94 137 2584
394 43 2919
316 186 3179
306 182 2100
91 48 8253
166 249 7881
90 66 6905
87 297 6062
386 45 3804
148 46 9325
328 66 2990
176 86 7035
244 51 3907
197 263 7508
320 9 6322
249 195 4646
389 121 2756
382 114 5216
338 311 9105
223 11 3852
269 314 2359
217 245 4761
302 114 44
344 29 4941
121 23 4486
19 136 8778
204 148 2727
394 203 3360
154 2 1966
286 215 8771
214 232 5851
49 138 3149
291 99 1378
95 228 5511
347 98 9523
347 70 8515
205 341 5209
286 305 5245
188 199 2513
157 349 4930
325 200 8429
107 264 80
320 79 1929
94 257 8544
235 303 8300
389 133 1281
290 104 146
170 57 3622
306 160 7993
371 168 7874
368 291 8554
334 254 9490
84 233 5050
269 197 3899
27 231 4593
192 352 7509
29 216 9449
162 214 5543
28 235 6426
6 177 3364
397 400 1749
386 150 5174
187 111 5632
155 342 6025
169 249 5153
259 358 3930
344 354 9837
224 236 5617
217 46 5458
334 346 3596
276 299 6082
135 14 7341
362 270 5315
384 203 3270
118 322 373
184 370 4100
379 94 322
364 100 2729
185 181 9068
158 59 5069
177 116 434
198 327 2727
59 22 8100
56 278 5464
69 363 6297
248 167 6024
398 218 8943
219 176 4532
82 116 6050
399 157 6279
296 10 1087
12 348 4999
266 369 6042
141 150 5667
53 356 5790
201 336 7516
145 137 9765
70 146 5777
337 201 2056
15 166 7694
222 137 2824
212 260 5703
81 238 9997
67 237 5328
111 224 7262
118 135 1552
313 92 6914
348 328 5815
164 288 1430
347 5 620
21 162 3167
309 251 6076
257 290 6865
105 383 2895
19 17 6480
61 275 9756
350 112 1734
26 346 8608
21 125 6342
377 334 9098
137 219 9584
316 126 6394
290 192 8613
254 76 5834
96 53 5469
271 71 12
356 57 2677
218 54 2934
153 21 3806
8 87 6043
137 343 9812
154 358 1083
205 184 1916
162 96 6380
19 80 1953
307 137 5114
118 284 9487
282 156 3021
58 382 1744
172 243 5513
295 198 6823
128 326 5707
263 287 2555
144 185 4082
34 395 4981
267 48 7691
121 386 1084
302 70 9569
273 217 2560
68 398 851
258 127 2838
42 296 9864
288 61 2867
88 280 5856
217 270 4028
108 114 2332
95 108 684
296 202 9761
136 156 7462
158 74 6055
115 332 7789
122 165 7800
141 140 6577
160 43 4534
116 394 4045
248 365 3741
315 242 5342
38 210 8923
255 388 2213
366 218 6749
56 167 2512
343 3 9211
115 287 3557
317 42 8389
142 330 6240
269 243 9198
149 352 4398
141 267 4890
76 363 9770
90 142 1876
77 324 2584
213 340 2114
36 336 4384
367 368 988
281 59 9500
179 299 4538
317 99 308
372 189 1309
56 86 553
217 382 6368
161 320 1840
342 28 560
351 207 5649
219 44 3272
286 264 384
34 85 6081
197 368 171
356 203 2666
71 211 1636
220 9 8947
72 392 5312
176 354 1712
66 88 4129
333 73 6971
360 75 8720
370 254 6714
74 37 942
158 203 7603
265 352 7341
205 335 6636
108 219 2506
225 234 3751
67 243 109
205 202 588
60 33 739
295 53 312
307 164 6762
238 151 9575
207 367 1342
360 30 6590
106 388 5603
161 179 1323
368 210 3331
272 10 7263
331 253 9786
348 205 7292
317 76 2000
94 5 9132
223 344 534
328 74 1393
329 179 3091
310 317 1251
195 198 4161
2 195 5030
379 175 6819
238 36 91
374 186 1881
125 180 1274
155 207 5670
323 288 4942
382 236 7761
365 156 8753
170 291 3562
147 93 5880
226 262 1775
284 162 8337
392 17 9551
146 135 9164
271 376 2717
359 173 3671
158 130 2120
247 163 7565
5 197 2122
224 249 6145
244 115 8352
30 390 7271
121 165 9672
171 263 6675
297 359 9457
358 378 2597
354 324 9998
259 11 2916
305 306 8540
67 398 9914
127 352 2470
36 77 5872
48 270 7382
283 276 2347
158 237 2079
128 74 4326
354 24 1415
10 274 1233
212 290 714
333 51 8921
276 97 1148
272 180 57
266 187 6958
131 59 6322
138 112 2404
112 7 4374
123 183 3765
288 252 2266
250 396 8420
353 174 5292
345 153 2527
310 304 4274
93 244 6117
271 143 8821
359 138 8396
218 234 4557
195 313 2643
73 36 958
287 131 1252
389 396 3586
109 49 9358
307 332 6344
204 165 1969
196 32 7581
211 100 6043
35 313 8617
303 275 3602
330 66 4829
334 208 4802
165 178 9291
91 276 7640
347 3 9317
396 23 5135
201 33 6842
59 164 8458
305 230 7485
113 270 7011
242 52 4696
217 162 6275
280 244 3345
371 398 4098
135 270 4698
342 353 8448
180 89 7103
60 180 8516
84 101 8986
104 137 9205
200 310 7626
105 339 4055
360 131 8406
101 69 3879
270 63 2747
191 351 6137
150 7 157
122 181 3602
260 45 8445
291 369 417
182 180 103
201 284 578
347 44 9695
207 344 9397
99 47 1708
116 49 571
169 12 7620
210 260 7059
125 387 7897
389 16 3764
198 97 8324
382 332 1371
151 126 8657
248 40 8406
288 165 9643
106 199 5872
136 387 1560
365 220 351
361 19 4358
271 20 1869
300 296 727
201 84 4307
133 380 2603
141 68 8300
81 328 7533
292 91 6168
127 372 5056
326 172 4910
61 16 6346
362 257 8215
115 99 2881
112 214 7208
276 212 4260
92 24 1072
228 374 396
293 287 7170
229 137 1364
270 217 1140
150 14 535
68 105 5977
396 202 2088
249 367 8571
50 190 9894
399 296 7596
207 325 1425
104 41 4574
167 128 2920
141 215 2256
292 302 1364
333 202 1820
229 174 9321
376 130 2910
55 361 427
108 58 3239
226 155 4415
398 396 1458
262 290 9139
76 132 9077
247 281 9856
130 200 8844
214 38 5406
187 391 9394
2 258 4519
346 2 1200
238 249 6944
393 296 1163
340 290 261
305 341 6344
377 320 7396
186 317 9490
226 330 5740
132 20 5375
87 166 2086
230 273 431
278 300 3284
230 308 6454
298 314 2537
218 53 7595
93 211 2072
254 286 9969
283 109 5488
103 219 7973
184 315 9080
230 128 9657
213 23 2551
160 203 6383
78 115 5382
333 11 713
214 129 8393
158 16 7568
150 112 1611
116 212 5859
339 73 5097
77 297 8994
143 75 4945
130 261 6522
115 275 76
383 27 1491
395 143 2713
194 299 775
225 85 7147
326 396 3477
333 14 4533
161 151 3367
301 280 5748
60 183 2080
64 364 8541
307 16 2890
233 172 8039
61 109 1070
242 128 8044
189 237 7459
126 338 3195
249 384 7740
67 392 8737
266 205 7837
22 146 1785
341 215 2461
233 324 5712
280 193 3218
258 117 3262
57 175 1720
349 72 673
331 271 7427
308 234 5036
209 23 8903
300 60 1439
55 351 9717
99 243 3975
350 289 5560
377 254 1016
136 240 1264
332 295 5913
196 86 798
248 28 3585
395 209 544
94 287 6560
395 160 4031
179 348 5937
148 362 5719
251 139 7277
113 400 5045
246 55 1618
72 355 5975
300 125 2902
101 327 9888
293 135 1542
339 298 9242
299 346 7251
27 207 6384
339 367 5838
49 159 556
376 367 7218
349 290 2653
74 257 5411
167 297 4861
23 376 8325
53 175 8833
152 375 3887
393 17 193
191 264 8929
166 154 4827
206 365 6706
83 308 3618
187 246 5759
19 235 5532
178 164 5072
339 35 3323
138 43 1564
292 156 3483
44 190 5648
123 212 7309
304 151 8187
246 270 5635
298 374 6316
81 112 1260
373 108 5824
138 322 1329
286 104 9958
113 5 8528
99 368 2628
67 274 4041
140 323 3391
199 388 5479
218 173 1878
314 120 5168
367 332 5728
312 131 1583
334 307 6470
251 243 4513
84 28 4915
168 202 1103
213 146 8842
136 391 9019
59 206 9464
51 231 2221
108 258 283
67 28 2671
283 372 9443
39 11 6887
241 269 6135
294 124 6228
284 66 3098
246 157 1820
104 113 9487
125 87 4837
125 63 3994
375 277 8274
41 337 5032
280 113 271
62 233 8305
84 304 9440
398 147 7852
28 272 1414
101 272 7923
267 49 8691
135 321 3481
33 161 3152
235 344 6536
286 187 4443
40 171 62
83 34 2070
142 137 1834
229 314 9965
295 81 8403
51 279 7016
175 336 4409
137 169 1809
161 315 6831
389 39 6167
67 238 5288
281 267 3060
68 179 4546
129 206 539
308 118 416
184 85 8853
68 392 6971
117 220 2604
303 1 5402
346 192 7225
9 91 7025
48 162 2555
278 236 6151
76 314 9401
317 275 7676
150 298 7785
13 214 2475
155 212 9985
48 91 875
96 125 9453
303 165 571
42 83 8497
197 304 9342
315 12 9744
8 368 852
223 209 749
165 294 5418
135 186 4082
10 276 3109
356 363 8911
105 370 3467
199 62 3845
363 225 4753
313 259 4258
194 79 1099
166 228 382
99 76 6801
190 317 2567
355 348 2126
174 235 7097
161 236 7678
91 67 2130
51 202 5752
304 359 6324
85 240 6937
266 228 5739
270 305 9267
49 30 3857
165 262 997
265 383 1135
371 201 300
153 141 1543
282 19 6329
171 186 8959
86 19 2260
261 274 3920
81 192 8273
54 256 974
269 112 3505
260 289 8906
157 392 7100
373 380 7190
308 22 5837
12 289 9719
258 109 14
149 321 6897
75 257 4788
67 78 6927
106 67 7773
42 324 6402
389 125 7160
200 183 9083
258 193 8997
297 14 6971
201 111 2431
74 383 3898
75 309 7654
205 268 4806
339 395 5425
238 398 3631
123 351 1251
372 353 1055
290 397 2300
172 255 4287
140 162 6547
193 33 8935
217 371 4658
112 66 4
26 169 6658
91 37 2913
65 95 5752
347 202 527
391 302 4111
154 76 406
147 280 3959
209 382 4255
344 355 8813
143 247 690
64 375 9036
106 170 9229
231 219 7252
283 10 6214
59 252 8218
388 285 8675
257 255 6624
212 63 7398
379 137 6293
30 42 7886
24 139 3246
229 356 4187
59 211 5270
60 41 9185
97 337 2660
189 330 5985
252 342 7772
151 246 2323
357 3 1416
365 230 3640
17 336 9831
140 334 9726
289 187 3382
108 371 4900
64 179 1565
155 7 6817
216 357 6749
213 364 9455
101 150 6872
295 343 1533
29 49 4144
358 179 4628
400 179 4532
395 106 6825
380 212 3527
257 127 9844
115 360 1970
81 351 3055
49 278 1181
12 216 227
263 40 442
26 265 2431
13 99 18
307 299 2809
183 40 6067
139 160 7545
326 60 8329
178 171 4835
178 389 2795
316 111 1333
277 133 4745
270 91 7314
75 187 980
154 166 8558
104 247 1885
27 263 153
378 333 2962
372 375 8320
176 109 9158
149 218 50
298 194 1136
127 59 127
274 361 918
58 264 1383
171 196 8346
68 29 2545
248 223 6677
332 36 2395
335 177 9027
143 139 5041
79 102 6542
322 200 7520
271 300 4174
96 363 6557
105 28 209
341 338 4544
22 219 8007
43 209 8086
170 33 8624
5 34 6679
34 232 4489
74 76 2437
301 329 5716
100 240 4854
24 34 391
200 328 2818
350 92 8408
39 354 3551
255 220 7590
38 59 5869
143 311 2810
395 88 3021
130 123 7551
296 139 471
38 43 1375
284 195 764
33 250 9408
359 67 9383
139 331 7758
93 183 1707
142 311 1594
206 196 3512
125 16 8674
36 143 8799
178 229 4178
399 176 4472
124 182 4587
365 247 8577
312 154 50
61 206 2233
14 351 1179
293 161 364
206 289 3591
305 203 4897
108 205 9963
207 147 6034
169 295 1266
40 278 7164
276 362 2997
33 325 6983
80 208 3689
210 113 3590
374 178 154
245 310 8546
382 177 5254
226 117 3908
329 245 428
106 38 3553
322 293 8501
99 172 3754
6 360 1507
275 298 4708
209 395 4744
207 23 7701
282 115 3961
165 61 7823
192 276 8869
327 248 4064
70 2 4512
202 380 7770
13 135 6852
208 279 2128
369 310 9193
323 328 8547
309 159 6147
386 222 843
178 227 2205
48 294 5000
173 186 2244
345 271 6907
232 305 4534
328 367 2880
44 89 5324
375 379 4078
148 126 1909
5 2 5009
365 53 7940
206 139 5526
252 89 5788
70 287 3208
111 278 8953
40 25 9659
232 374 8162
206 93 5463
102 92 9870
33 38 4790
6 143 9700
66 371 528
106 168 7575
361 227 7846
152 351 9744
285 144 9357
37 2 1214
276 250 8381
195 262 2939
221 101 6554
328 2 7551
268 117 418
255 282 6250
309 152 9576
276 25 1246
188 211 3807
364 306 5771
299 273 7721
99 216 3630
309 200 2530
137 75 1275
266 318 8680
319 326 3929
395 92 6478
253 38 9599
399 1 2401
375 236 1485
86 281 7225
65 38 1389
78 46 83
319 58 7515
180 127 8477
98 52 1202
252 400 8979
239 369 4120
19 18 6537
49 156 4540
389 195 1674
337 9 3950
266 201 6719
228 240 4607
37 282 1443
181 59 4923
303 222 1974
164 82 1219
16 233 4912
127 262 6718
320 291 728
271 364 242
269 249 981
293 220 3359
284 345 5940
262 90 4316
228 393 1529
132 340 5846
249 152 5498
270 316 4917
198 361 938
26 375 2320
110 364 1268
177 343 5011
20 239 6408
11 229 3599
152 53 3177
364 67 2995
228 292 3575
319 192 7081
71 36 9817
1 76 1235
274 294 5855
224 110 3399
112 291 3095
388 355 71
394 70 5773
366 201 6037
219 43 9432
352 108 2807
17 25 2290
349 144 8406
117 141 3895
1 175 9693
59 377 2161
35 325 3951
237 284 6802
266 362 841
244 115 8195
77 367 121
296 192 1165
382 156 1374
330 57 5957
249 312 4946
223 67 1916
217 185 7413
319 399 3126
187 110 363
334 53 7866
182 154 7559
393 368 7196
378 84 5817
293 233 9287
248 12 8805
148 376 8094
290 80 1446
136 312 6195
196 239 2466
29 393 9625
370 252 975
33 139 1959
99 343 9382
38 9 1517
270 151 8661
379 371 1451
19 44 8475
7 32 6015
172 388 9279
311 227 4815
357 251 5841
89 13 9767
232 376 1332
169 355 9444
398 260 6427
267 160 977
387 253 5459
233 301 3985
8 124 4114
399 110 2542
397 100 1086
4 145 4641
96 139 9487
172 354 2194
273 189 4120
139 210 9282
23 318 7635
331 297 1414
40 175 3404
193 152 5365
259 36 6657
76 372 4485
178 84 3864
112 319 3539
206 323 7392
65 200 7713
114 124 5964
18 53 692
324 49 2172
320 270 6510
96 135 477
378 13 1656
343 29 2772
67 245 3395
344 333 7734
282 273 6144
108 182 5051
265 286 8606
120 344 1876
45 330 6724
94 353 729
276 13 5231
3 359 4488
221 279 5933
216 54 5978
91 332 6985
307 107 5063
59 158 330
29 369 8460
344 281 6727
400 267 3114
12 212 3005
114 35 1186
73 101 4835
156 258 7360
248 133 1644
159 176 3318
289 70 8543
298 221 9145
235 305 6995
212 48 7904
86 340 3054
272 192 5067
278 315 3246
97 81 9522
338 29 5769
362 272 7552
221 330 5282
186 274 1311
132 275 5068
360 345 3940
89 58 9476
395 391 7437
287 123 8217
77 119 5545
102 202 4654
288 121 6024
56 30 8130
288 382 1556
260 221 9599
90 85 5440
298 121 9569
380 309 5071
7 123 4937
31 379 9223
291 254 530
354 261 3080
361 207 3
8 286 9206
390 147 5541
292 364 6814
117 137 6838
131 169 6344
345 129 7791
170 318 2489
12 284 6930
273 38 8348
359 101 4232
208 33 7153
82 191 8265
392 86 8229
61 16 8380
355 302 7971
335 349 4193
384 190 3499
159 200 4652
153 21 3793
224 375 6004
39 262 6825
66 182 7068
104 359 9441
86 207 6737
318 107 5663
385 56 2805
220 60 4748
356 45 8027
28 300 2016
299 223 7746
355 349 8894
4 220 1622
297 318 9714
33 304 7445
274 297 3962
224 316 5535
98 10 3987
122 165 8370
112 306 3845
11 31 3971
153 268 4561
33 59 7792
232 142 1993
199 270 997
100 356 815
259 356 1117
90 41 65
382 372 6635
171 70 8021
68 212 1497
313 16 1633
332 384 4784
93 364 1022
377 198 2056
203 53 1629
18 149 1617
346 17 1465
142 54 4738
142 192 4943
50 26 9041
248 246 1723
223 262 3764
96 346 4788
247 172 8535
320 287 2298
112 156 2959
372 242 4862
125 330 4093
128 373 4273
152 240 518
49 298 6689
275 327 5106
9 211 2305
352 97 4866
148 345 3096
286 201 8471
320 315 5804
86 287 9599
220 41 6287
279 190 5987
46 384 4922
302 400 4671
171 328 360
249 227 3425
50 300 2166
286 77 6420
170 297 2889
374 365 5646
397 361 1567
367 195 9048
276 177 7610
306 307 9246
243 314 3434
193 133 6455
375 397 6937
164 352 9974
31 193 8844
325 295 881
264 41 3496
106 340 2289
349 297 3507
275 67 6411
382 248 1244
132 193 2045
159 76 5884
292 342 2765
148 385 2270
246 48 8350
395 219 1660
311 273 8099
377 174 7516
40 171 776
297 267 794
142 346 7614
370 301 5142
152 179 8487
199 356 3777
16 235 5714
260 113 9971
292 233 2344
215 290 2144
230 64 2152
141 368 3532
147 135 4591
318 71 1820
16 235 3979
346 85 7646
91 311 1745
389 85 5930
272 33 1613
240 269 5834
361 392 6602
329 22 9783
379 221 5361
22 107 4246
367 175 8918
221 54 2211
270 234 7137
1 176 28 1483 72
0 218
1 130 23 4753 5
0 334
1 324 256 5966 213
1 98 369 3168 323
0 234
1 377 13 774 167
0 341
1 375 275 9568 301
1 228 309 2068 100
1 382 37 7798 98
1 179 238 3708 164
1 163 168 9357 81
0 26
1 67 168 6577 97
1 293 356 7201 177
1 310 282 31 311
1 81 374 1217 38
0 327
0 21
0 186
0 43
0 282
1 220 174 4252 298
0 62
1 281 277 3525 56
1 233 351 1638 318
0 31
0 22
0 24
1 115 354 5415 102
1 366 92 456 141
0 231
1 219 334 8874 152
0 219
0 69
1 217 212 8854 29
0 307
0 54
1 369 230 9771 156
1 2 107 2186 121
1 178 244 2626 10
1 96 67 6073 25
1 63 9 2110 160
0 220
1 317 127 1527 86
1 268 112 9296 297
1 291 347 5489 214
1 167 171 6839 46
1 398 128 6099 172
1 3 238 1659 143
0 223
0 264
1 312 183 9401 285
1 310 264 3908 192
0 236
0 174
0 78
1 305 351 7629 148
0 183
0 347
1 320 295 8340 135
1 156 392 2310 131
1 136 209 6451 243
1 293 240 3458 259
0 216
1 24 48 8625 308
1 178 300 6241 193
1 55 395 6674 232
1 231 133 9756 11
1 230 38 7902 194
0 241
0 77
1 280 163 5437 123
0 197
1 171 289 1416 133
1 102 311 4606 48
0 345
1 183 308 3831 107
1 300 190 2071 40
0 242
1 372 379 6581 305
1 161 143 2106 57
0 346
1 20 132 9882 304
0 195
1 319 106 4831 316
1 93 357 2006 237
1 262 131 1758 185
1 228 79 1098 47
1 179 121 4403 300
0 319
0 126
0 337
1 50 326 6290 249
0 41
0 309
0 30
1 74 162 1295 153
0 114
1 386 330 8130 92
0 205
0 266
0 59
0 328
0 217
1 140 179 9120 36
1 250 4 8117 45
1 31 223 3012 278
1 142 266 6829 302
1 372 352 6100 313
1 349 177 3602 28
1 140 239 6722 116
0 171
1 18 149 5771 74
0 343
1 127 268 9615 169
0 199
0 188
1 155 299 2731 129
1 52 392 3978 157
1 116 106 1000 6
0 279
0 207
1 157 114 6676 7
1 6 332 1244 2
1 290 190 8028 248
1 167 14 2705 142
0 281
0 189
0 184
1 342 75 4929 95
1 366 136 8658 228
0 8
0 246
1 173 113 4596 87
0 110
1 288 294 7299 203
0 175
1 205 369 348 238
1 375 168 1348 247
1 258 400 7484 198
1 385 165 50 272
1 395 183 1429 35
0 42
1 234 396 966 75
1 391 80 8482 295
1 233 125 7949 312
1 241 341 1041 267
1 211 285 9596 27
1 70 62 7841 329
0 137
0 225
0 202
0 115
1 39 228 9715 39
1 297 31 2569 139
0 196
1 176 233 7353 119
0 138
1 249 118 5314 1
1 371 135 4182 32
1 182 42 238 342
0 290
0 299
1 260 381 4032 215
0 201
0 200
1 24 346 8898 149
0 53
0 230
1 22 139 837 20
0 255
1 12 50 2469 244
0 12
1 267 277 6115 162
0 159
0 122
0 67
0 19
0 145
0 18
0 332
1 215 104 3709 76
1 228 275 7440 85
1 126 327 1651 180
0 235
0 96
0 325
0 9
1 360 361 6684 55
1 85 312 7747 336
0 16
1 112 111 7632 187
1 22 4 3016 161
0 108
1 344 48 6084 79
1 38 62 7227 303
0 181
1 122 66 94 288
1 239 135 9165 245
0 58
1 347 42 3952 210
0 310
1 306 389 5052 154
0 330
0 88
0 70
1 102 352 6489 260
0 44
0 250
1 266 259 9339 15
0 324
0 146
1 95 202 4136 151
1 330 222 7582 117
1 92 161 3164 73
1 108 32 5282 224
0 165
1 14 49 9473 168
0 49
0 265
0 191
0 212
0 112
0 274
1 320 46 9422 93
0 136
0 71
0 273
0 226
0 173
0 17
0 118
1 10 331 1833 155
1 232 308 5800 335
0 3
1 102 23 3322 268
1 395 210 7069 333
0 125
1 122 48 1617 83
0 103
0 261
0 150
1 345 218 8882 64
0 269
1 217 41 5326 208
1 305 368 7123 275
1 296 149 8945 253
1 232 155 9147 229
1 172 375 2072 280
1 327 4 8500 132
0 101
0 314
1 77 193 2824 271
0 233
0 166
0 140
1 81 24 5245 294
1 199 381 1588 326
0 190
1 227 373 4452 90
0 89
0 276
1 378 95 1158 286
0 111
1 382 262 7760 82
1 141 267 2794 221
1 30 106 898 109
1 280 26 1768 227
1 83 262 6354 51
1 191 365 2470 130
1 45 130 6578 134
0 306
1 108 324 9812 344
0 68
0 178
0 158
0 262
0 211
1 276 391 5109 99
1 340 391 6187 23
1 101 156 7973 182
0 113
0 258
1 224 46 8345 4
1 334 276 1073 84
1 230 137 4322 222
1 289 119 1998 239
0 163
0 331
1 191 391 784 127
1 64 93 412 147
1 291 65 9244 179
0 34
0 289
0 170
0 176
0 340
1 123 52 2758 263
1 296 245 1517 52
1 270 267 4406 94
0 104
1 84 337 3820 339
0 144
0 105
1 22 23 6074 252
0 322
0 120
0 128
1 14 147 1817 338
1 230 98 2837 277
0 296
1 332 387 4226 80
1 111 84 2330 291
1 241 158 3429 91
0 284
1 265 311 5297 321
0 251
0 13
0 204
1 370 365 8745 240
1 326 28 6385 315
1 249 89 3760 106
0 65
1 161 252 9883 283
0 209
0 63
1 243 153 1979 60
1 382 217 6971 317
0 61
0 292
1 387 285 2289 293
0 124
1 224 153 4018 270
1 359 314 7729 254
1 86 166 5947 66
1 147 308 4642 257
1 7 128 7369 37
0 287
0 320
1 137 120 211 33
1 125 54 963 50
1 310 214 4076 206
0 14
1 93 26 6735 256
