600 2186 595
473 509 6361
271 455 2597
317 505 8693
148 59 8175
99 265 6490
273 521 7374
407 205 1750
91 210 2723
141 378 5542
514 82 4924
500 473 1970
531 496 4943
449 510 5594
44 473 2840
582 357 770
169 221 7892
204 547 3259
30 222 6639
119 268 3539
166 246 1882
112 296 3215
203 255 8176
456 306 9943
461 264 4218
418 155 2019
551 182 9696
313 443 7844
72 399 2323
76 450 3573
95 79 2744
407 374 8115
555 308 9639
170 548 3929
473 196 676
15 539 1376
365 593 8909
23 319 6487
558 154 9572
261 203 6511
212 413 9390
400 10 1433
333 155 5085
522 119 9763
96 540 6218
485 162 1119
280 444 6839
544 21 6390
541 317 1443
397 87 4829
342 391 2190
598 145 5158
83 453 4511
16 598 6905
234 32 1747
24 439 8963
167 417 8
309 479 5776
225 578 3418
581 340 8117
154 5 8701
292 463 2640
518 529 7675
209 356 9763
583 466 4880
59 109 8269
23 95 3716
531 467 203
359 1 1288
451 206 2686
48 10 3396
319 31 7118
359 427 2799
498 523 1199
21 394 1775
283 266 3715
22 315 8435
208 392 6448
65 230 2734
124 434 7281
90 305 7111
309 301 1410
324 158 7118
592 443 3559
506 431 3153
511 470 670
95 32 4303
499 586 4727
283 429 8251
110 133 5936
280 437 5109
132 249 420
325 438 3700
419 165 1494
474 195 1592
319 72 4698
317 59 6735
442 351 7076
364 458 3589
155 200 9364
235 469 4385
326 215 7953
47 577 2892
428 168 9541
571 421 2005
339 213 9289
554 481 9906
240 58 3330
470 566 2137
267 14 3211
392 423 1520
228 133 9812
536 583 7184
164 187 3195
351 221 5728
509 34 6505
370 372 576
414 15 9311
8 463 5348
161 9 1425
223 404 4339
175 364 3155
348 455 7585
159 124 4115
457 123 5337
73 356 7223
275 555 1822
305 297 5560
68 399 3890
73 594 8830
13 429 5527
486 514 637
399 452 2214
336 376 655
227 304 2398
124 182 6067
216 218 1503
212 297 7542
5 23 4423
488 103 528
55 396 668
581 455 6274
100 248 7866
86 436 1326
456 233 3726
586 123 726
231 306 3427
414 119 345
51 133 8076
412 290 4698
336 445 6371
243 110 7683
477 127 2689
8 212 6618
533 545 6846
364 404 2177
167 154 5994
47 485 3172
418 580 8556
517 119 7982
276 486 7579
223 150 3995
476 190 6747
429 481 1989
333 166 6681
169 339 3657
437 158 9738
599 89 9081
423 154 3056
259 109 9398
45 109 7341
19 178 5630
473 429 1244
430 168 1108
429 319 5405
276 513 959
352 86 4690
120 420 2501
204 24 3767
370 57 265
141 241 8486
385 261 1633
12 499 7947
224 8 4108
204 181 6116
423 293 5220
116 426 428
277 209 8495
541 5 9225
188 7 4475
493 179 5
285 314 6362
93 521 7433
380 500 6524
167 223 7952
494 486 2236
228 436 6266
114 400 7021
124 131 3454
374 42 8037
54 502 341
203 331 7514
42 121 5364
266 306 5275
356 497 5258
447 219 881
587 246 698
518 211 4168
522 222 3082
389 598 1576
46 388 6493
225 72 7959
337 568 3037
453 314 3876
238 15 1564
104 160 5676
581 582 4572
214 488 7137
424 2 2188
449 164 4283
581 59 5590
352 330 2654
582 354 8054
312 331 1806
560 511 9341
217 259 4176
249 215 4406
539 328 419
188 117 7527
578 461 6445
584 304 9740
63 32 857
471 133 5184
297 530 5520
156 333 4413
19 351 7016
473 289 5205
295 30 8922
359 237 5680
146 370 6439
254 298 3016
521 530 3933
166 208 6915
140 165 6726
238 307 7137
249 161 6033
101 227 8614
460 268 9156
86 386 2633
76 139 2337
97 194 733
160 252 2423
407 540 2975
275 175 13
205 79 5569
294 465 9850
204 544 5445
333 443 2599
567 294 5181
91 71 8936
366 393 5106
329 204 2120
194 363 5443
596 115 6180
329 303 4784
102 475 1418
580 472 9174
312 81 1891
135 460 4493
14 179 2238
8 306 1184
466 407 9646
186 473 6812
300 78 1558
219 146 3147
298 406 3795
508 432 6738
396 224 170
281 391 7818
226 182 6947
257 418 1068
233 393 7925
111 216 7152
427 433 9667
17 89 6662
126 428 9142
296 348 2549
239 52 3036
553 196 3523
544 364 5026
347 13 6
239 331 4941
169 448 6634
576 92 5902
457 22 2851
61 60 9783
501 380 1845
139 549 2488
129 410 913
280 129 9470
222 426 210
228 90 1389
454 295 9272
117 289 8396
576 411 3924
231 532 434
581 165 4213
523 413 767
420 385 5489
22 401 14
330 97 3399
436 341 2297
373 573 7156
549 15 7451
466 246 7475
545 371 2669
205 168 5418
144 563 9643
249 314 8100
101 526 8487
580 566 8138
71 303 7307
482 240 1629
541 505 6981
427 383 8925
93 160 9709
336 149 8088
26 512 8986
524 151 3431
279 64 4011
532 37 1596
230 512 3366
388 493 6793
345 15 5025
51 458 9716
480 26 9567
512 170 3177
212 585 1677
494 111 303
57 307 1052
157 469 415
507 21 3665
131 45 6113
234 438 906
123 449 9881
398 126 8579
195 56 18
530 39 7210
388 523 4185
68 427 6223
300 280 6940
426 15 1135
543 263 2068
195 96 8417
175 27 2703
28 109 8722
129 514 6962
456 493 2926
130 319 9551
381 33 3744
568 359 7971
156 132 3499
325 51 8611
64 481 1784
376 309 2934
210 165 2402
294 133 2885
292 391 7999
465 109 6386
412 188 6161
7 315 9142
387 214 9358
21 22 6496
278 463 4685
332 516 4410
315 490 7473
412 123 1244
423 315 4601
400 582 5958
239 200 4296
138 114 9577
517 22 8546
183 24 5831
477 224 5240
557 244 5292
336 284 8565
420 71 8236
512 192 2153
242 122 943
132 597 8389
130 267 6329
541 417 8695
455 316 4541
345 123 5815
165 185 6308
223 306 8387
104 234 1626
204 342 3783
408 417 7642
150 346 7393
157 61 4714
310 554 2163
223 200 745
194 433 729
360 517 6359
66 525 4542
148 197 8373
50 182 761
569 451 8462
265 387 5533
172 517 4230
545 128 5456
19 421 8833
312 77 4714
513 89 3782
437 415 6562
7 415 5460
270 132 4805
415 157 6053
121 370 8984
254 399 1794
329 272 4960
130 433 6950
290 353 6415
137 126 4839
576 317 1185
276 545 9330
100 402 3591
435 580 8662
80 58 1891
370 199 2162
444 214 3492
596 315 9442
569 11 1123
510 318 2039
526 498 1966
566 416 1110
64 190 4404
44 231 2052
382 577 6914
49 271 1328
509 103 8877
287 494 6816
160 567 3984
600 478 2448
476 390 952
419 451 6183
347 382 1901
147 271 2700
286 22 2339
194 132 4136
424 251 402
486 1 3181
519 287 4673
121 207 8023
493 255 3033
39 358 2352
536 154 9672
59 274 3354
214 9 9860
234 260 2760
284 369 8531
523 230 61
72 136 4904
486 237 5337
229 79 111
4 493 7152
391 123 1900
95 265 8989
351 514 1136
315 74 7510
391 179 8524
380 593 4257
361 14 8523
217 175 2087
29 206 442
216 349 8998
113 451 4523
35 431 1228
141 100 8778
43 69 1074
439 252 9038
4 268 3831
515 331 6292
273 497 8799
583 184 3432
592 183 7323
237 581 2132
328 170 1353
105 91 5277
233 29 6606
549 295 9563
499 537 9970
490 124 8120
123 150 7500
474 530 5485
259 589 6127
139 294 2457
234 510 4149
285 387 5442
147 15 7066
551 161 6977
305 598 2508
454 437 2872
250 257 7041
391 169 7382
18 451 1016
319 388 7118
171 520 7283
232 436 4483
259 507 7893
597 513 7512
374 319 712
537 133 8407
365 333 8593
564 299 5071
71 453 3128
87 349 8179
374 576 3346
482 450 1792
476 492 1680
267 287 8062
78 408 6653
42 588 3275
96 51 9635
209 138 3475
123 143 1742
80 155 8307
132 139 5141
385 25 1648
559 344 6213
385 411 4323
387 43 3839
280 412 1367
230 524 3764
386 550 9589
44 365 6672
574 326 6510
443 495 8324
270 41 4698
74 289 9528
415 159 7217
506 353 3296
570 566 5623
365 391 7373
252 466 8316
342 56 3543
467 306 6820
448 72 5400
497 598 3812
530 290 8332
165 63 7294
75 212 375
191 534 5677
418 157 7255
371 369 4996
368 106 8811
514 547 4547
258 154 9011
428 147 4651
312 525 1449
217 223 4660
475 51 6752
434 473 4140
582 548 4619
347 58 386
499 27 8976
11 398 547
577 479 4014
470 55 7124
131 580 524
554 117 6352
292 39 6228
8 414 8195
121 344 1951
117 362 2680
143 452 4145
473 313 8431
581 411 8423
38 576 2466
141 439 2864
21 345 7146
135 46 777
165 130 1180
141 416 6461
508 105 9066
318 100 1132
242 429 6374
548 39 1563
339 39 5849
264 141 2043
333 546 164
80 349 13
475 56 5734
174 32 2662
424 583 4927
396 9 1295
231 491 1523
462 347 7439
545 397 2866
433 406 6940
296 395 1159
458 131 2335
507 185 5343
329 498 5143
146 168 971
574 473 9281
589 133 3369
388 471 5717
407 340 1343
100 561 1059
23 318 1274
92 371 5631
57 488 373
170 522 5690
386 13 4268
155 90 7795
138 343 6691
208 587 1357
134 489 4242
202 433 3873
262 391 4627
125 539 711
387 457 1663
314 154 4624
421 229 9332
473 30 2759
324 332 6059
118 61 4777
44 32 1737
561 340 1570
349 315 9923
100 299 9833
115 131 3415
512 171 3918
434 572 9495
529 58 8657
398 597 4665
243 163 4262
10 351 3612
356 15 6872
478 226 7725
531 143 4778
477 43 586
504 437 5413
103 426 3958
365 176 7918
124 391 7406
396 417 7863
410 456 3338
362 476 3417
536 251 4647
212 280 4271
74 210 1747
425 225 9446
79 287 3914
96 156 4707
65 477 4032
379 164 9476
252 457 7440
322 13 1611
314 431 3172
284 511 3431
102 569 9909
155 316 3397
151 53 5828
478 92 807
526 118 2073
405 128 691
275 190 7355
575 173 7662
20 297 9232
151 515 3434
574 20 9975
192 222 1053
345 431 6836
574 20 4211
590 575 1099
175 64 9702
347 257 4800
320 69 2827
58 436 8286
68 462 4720
510 21 5301
505 148 4341
343 424 9112
557 360 2776
24 356 1031
417 300 6820
318 192 8010
204 309 9804
394 452 6494
450 267 7172
466 106 8132
397 83 720
28 190 5320
157 499 4785
436 459 6847
147 415 3164
384 271 83
331 411 1996
377 545 3635
571 146 5002
275 578 8470
94 174 2891
416 489 6063
229 487 3210
377 506 1895
63 193 9271
206 368 1254
312 376 2368
384 321 5604
288 582 6174
116 419 1663
116 537 5539
10 222 1436
298 574 2737
150 89 9347
600 193 2365
214 569 9413
365 401 9573
220 206 1792
548 246 2527
173 287 6086
46 430 6052
435 361 650
374 64 8269
95 170 6044
450 383 6395
483 124 5830
223 219 4012
182 216 375
5 419 1148
544 88 704
13 71 6041
480 338 3692
400 557 2764
499 24 2980
145 169 6563
519 500 9619
356 498 7059
304 452 9511
544 442 8910
242 65 633
66 341 1361
287 86 1053
52 517 2272
67 6 2589
238 493 9781
550 286 8754
74 251 9158
505 68 1476
429 419 6694
492 144 2548
132 537 5454
102 185 2567
428 310 5580
437 450 5797
534 494 9308
360 558 3762
306 280 8149
338 584 6571
251 256 2375
106 168 5301
547 425 9459
16 427 7682
279 494 2651
442 417 628
557 466 603
423 196 5927
564 253 7015
50 134 3577
324 433 7398
315 475 1676
40 557 655
313 32 4943
112 449 9042
332 44 2937
235 179 9657
322 358 8519
20 201 5200
335 318 3799
404 15 7586
82 175 9221
416 34 9365
132 12 7157
411 541 2904
220 371 5217
310 59 3995
216 327 9365
237 558 2319
558 153 7481
470 327 6287
444 96 9246
525 54 2158
227 175 6363
475 220 3874
146 528 3657
168 166 2833
481 232 6797
197 68 9402
564 130 7494
367 489 4279
242 7 3160
320 573 593
175 5 5415
519 593 3427
502 471 6838
226 162 2611
274 317 2194
290 418 5981
261 557 7754
263 354 7618
233 49 3361
116 59 3057
575 506 3047
486 310 756
574 380 5299
585 18 3565
463 235 9509
83 102 9441
69 591 6362
364 567 4116
313 331 9761
469 587 4935
302 291 5949
143 150 6288
33 598 9499
391 428 1240
429 17 3910
497 119 7513
237 229 8056
17 163 7529
379 580 4579
369 47 865
272 111 2752
382 222 5587
596 291 8487
525 319 2139
103 356 3327
254 257 1155
225 562 6120
575 146 6861
286 267 998
460 369 9340
253 567 6672
36 201 4403
90 507 3130
63 96 8082
242 48 7887
406 417 877
231 115 1137
219 478 6510
483 18 5
58 209 7646
153 4 4074
543 572 2287
201 545 2202
25 454 1117
397 587 740
30 577 7429
393 477 2248
64 473 6581
551 298 4692
560 551 7222
507 41 8013
250 222 823
443 391 737
128 85 8844
426 492 6796
562 533 7269
86 265 5225
478 396 8882
233 73 9595
140 19 8887
516 176 5148
397 404 8108
506 337 4565
380 32 6281
531 580 1758
148 199 111
214 566 8119
451 320 2712
348 202 39
158 75 8883
234 232 8757
239 356 8906
191 188 3989
316 466 774
342 322 4756
209 120 5989
205 424 8790
360 467 7594
151 532 1375
151 277 9829
110 327 1552
170 385 3203
404 105 7269
50 343 440
163 389 6412
349 377 6796
50 432 9863
399 157 9075
267 277 1428
41 525 6513
58 68 7340
288 406 2141
592 260 9835
369 558 8116
168 278 9791
546 488 2177
328 100 5651
171 35 6011
468 8 4893
431 521 5023
279 400 4422
149 597 3983
331 282 5018
339 329 6378
242 532 1968
189 86 7516
84 87 4667
385 428 9209
267 348 6914
30 347 3957
453 527 188
517 146 167
186 42 8927
88 512 2111
358 244 2361
257 248 9237
200 419 7024
430 514 6723
235 231 7175
515 31 2501
44 241 2817
391 284 6623
69 98 2346
179 298 4031
160 320 2771
288 92 1636
527 438 4942
32 194 4734
203 515 362
287 101 3415
147 253 1601
426 219 8449
279 438 1967
575 53 4418
420 599 3796
455 423 3229
162 123 702
241 527 6018
580 151 192
256 176 5591
479 368 7590
367 488 3368
181 372 9693
266 96 9085
84 317 3550
328 468 5962
394 371 1067
432 315 8908
475 353 9101
41 584 9522
158 337 4604
462 97 761
299 131 991
73 7 6284
297 412 1029
62 271 9355
462 347 9188
586 384 7322
432 457 1954
13 61 1213
19 473 34
421 412 4322
75 237 3425
548 575 7310
84 67 561
500 314 7548
215 319 2580
417 574 6051
535 170 140
160 373 2262
580 106 8994
494 134 7777
119 11 2196
163 82 3650
207 397 740
47 264 3958
362 167 7599
588 21 6933
567 197 8618
598 423 5327
563 541 5299
40 219 2536
89 135 3590
9 501 2257
87 277 7710
221 128 8072
14 329 4686
40 541 7219
505 238 5919
232 560 2920
186 544 5244
345 401 4191
248 23 7643
590 456 9948
21 297 2815
22 572 8535
111 311 1532
61 236 2590
523 394 3865
187 206 844
338 343 3595
50 536 6234
526 16 4801
59 61 8823
189 500 3020
226 202 8004
17 386 1505
139 528 4578
246 545 6801
155 268 3391
101 322 343
179 77 4653
464 473 5922
458 412 6789
406 168 5349
370 250 6556
480 527 1806
293 54 7172
92 561 3379
225 333 9654
82 455 1779
585 103 2685
437 258 4923
181 350 869
155 444 3494
107 73 5061
287 88 9610
263 506 2667
382 242 1136
120 92 1174
129 65 7027
277 456 2441
498 540 9260
152 553 4110
505 594 8733
568 261 5143
416 414 4396
572 311 5884
493 313 9314
438 226 3665
111 497 3332
550 600 5624
100 258 400
400 387 1063
490 244 9099
551 402 2201
332 461 3210
211 408 3946
239 103 5039
361 489 8863
412 524 1926
25 262 420
271 232 8064
477 426 2409
577 191 2575
471 213 3886
131 296 6978
347 520 7230
171 538 4434
263 305 2170
379 157 4029
311 184 4470
319 27 7954
565 35 8537
127 328 6926
361 487 3728
333 103 4711
276 399 8851
592 102 2262
338 505 1628
258 364 1209
176 173 2900
398 17 3736
539 521 3072
373 374 407
332 595 5179
298 198 3117
528 302 7909
475 444 1972
403 136 2108
538 319 962
375 409 3929
429 274 8758
385 16 1549
106 224 3654
108 283 7165
463 335 4728
217 173 8747
488 532 3119
367 411 1286
129 303 7943
22 49 2244
309 439 3076
202 306 4302
95 488 4391
501 343 3964
425 571 9186
69 82 2338
339 287 6429
95 138 4410
334 438 3465
339 488 7459
600 482 8293
106 402 4122
81 184 7614
476 231 424
359 13 8235
487 380 9483
62 95 8185
100 374 4904
388 503 3955
379 352 8817
467 37 2966
145 559 2114
119 268 1268
232 180 6674
338 535 8150
239 496 1111
238 467 4919
242 70 7834
514 94 5709
333 308 8381
375 367 7114
293 507 7929
541 544 2996
279 561 3276
392 465 465
508 76 9186
345 438 7718
116 274 6899
586 410 9697
58 214 4940
305 213 8597
447 508 5570
111 347 6918
507 328 3539
162 398 8805
337 267 2526
378 423 5501
521 198 5414
281 264 637
83 204 8674
582 589 3272
217 578 3385
154 452 1019
206 522 7787
339 201 4238
406 128 7954
488 6 1183
205 35 5673
598 482 3194
43 224 8605
210 152 5117
495 179 7811
87 571 4554
499 286 9898
290 32 8285
336 6 4354
587 548 4736
442 235 5452
358 87 8828
47 112 3587
202 65 6515
139 203 1322
97 51 8219
543 598 3911
56 287 5916
91 207 3808
448 532 9421
296 556 5076
558 204 8379
106 66 3629
408 448 2443
269 543 1092
249 94 4818
575 470 5284
349 313 1282
182 418 3459
415 545 4182
51 558 3677
203 36 3233
382 316 9475
495 252 2083
595 243 51
31 113 9789
204 414 6265
56 554 8055
592 322 5206
180 256 895
372 128 5615
391 219 3973
8 163 3225
88 144 4131
453 242 3266
83 514 6145
476 362 8371
134 200 6505
386 509 5556
130 239 9128
474 47 2208
276 585 2678
251 490 9338
100 253 2007
355 583 2926
236 391 1826
187 63 1228
509 275 1889
380 554 498
118 310 4537
226 216 9034
437 373 7836
264 93 2035
218 465 7644
386 1 4819
378 137 6354
178 544 5533
585 562 8399
68 263 7694
42 412 8338
388 408 621
275 295 2811
59 150 9828
395 517 510
221 148 8153
63 521 4396
262 330 4625
574 288 5181
173 17 3383
232 93 5841
72 537 152
53 274 7337
257 104 7555
309 421 3265
513 77 1822
163 401 9856
67 533 123
302 438 754
132 525 4540
170 555 197
337 376 2900
564 289 7010
160 18 5136
332 59 9822
43 302 1509
48 165 2257
586 468 4987
157 514 4005
80 502 5113
168 578 9267
128 253 5890
46 274 7034
16 374 8736
431 333 8496
381 147 6143
458 11 6461
73 582 764
132 32 6837
314 192 4879
42 568 6534
508 506 1174
480 433 5811
537 355 964
114 448 6895
87 179 5433
491 528 1565
106 294 1026
419 408 6054
506 516 5971
117 564 4684
184 272 2116
129 374 5807
109 143 1049
15 93 1373
306 42 8838
357 469 4862
30 407 2178
178 392 8527
589 12 1210
539 286 8734
189 46 9641
588 321 3703
311 368 3862
266 131 4607
371 150 5502
169 146 1886
379 372 9218
401 572 6929
268 434 5011
38 279 8512
506 442 2972
255 539 4908
563 269 49
85 148 7981
366 417 1094
248 482 3307
460 599 3842
590 171 7866
446 300 6293
60 362 1434
593 301 2007
482 385 3007
559 248 9346
265 140 781
215 138 7240
407 312 6920
128 595 8175
187 195 5409
154 298 258
147 22 3915
50 440 113
205 388 8122
590 156 7126
599 413 7017
513 240 2256
79 209 1909
56 295 1504
271 414 492
547 476 9010
263 3 2311
111 221 3357
189 548 1588
314 377 4941
330 184 9001
600 431 5583
358 193 2597
301 232 8831
279 11 4808
100 167 6382
93 536 5142
119 175 1223
56 355 5975
391 93 3859
485 35 2482
325 480 2362
342 513 9706
329 381 4669
137 317 888
154 383 1234
171 261 6106
86 174 926
101 142 8540
516 510 3113
391 16 9878
280 506 1789
12 188 3990
310 338 720
342 472 7886
130 211 7908
267 30 5920
463 229 1260
111 273 1608
389 578 3873
50 434 8075
167 109 4916
140 257 5182
37 408 3015
80 390 4792
135 513 1431
63 569 1548
2 487 220
270 368 7041
343 377 8147
505 113 5332
34 367 1818
248 224 2032
24 397 221
538 491 8331
211 284 3840
314 59 4084
450 506 8270
567 84 3083
572 284 1393
463 200 5217
68 435 4289
573 368 2481
395 124 8034
169 372 4255
553 379 4888
217 165 2703
206 482 7517
174 184 2296
440 206 2343
265 565 9977
572 42 9827
479 32 1612
306 328 8133
370 167 9658
203 188 6164
433 564 5327
317 442 7440
138 204 5311
338 2 1015
222 225 9815
269 186 7256
445 588 5432
318 60 2086
35 503 401
39 313 4705
187 369 9324
487 526 8081
314 226 6827
527 37 1235
214 297 8947
594 254 3080
63 259 6105
457 447 2811
438 326 3148
63 33 7011
173 166 1618
434 28 5354
6 583 2327
579 557 3852
32 371 4946
134 398 1827
511 390 4154
597 582 2
186 88 6153
393 306 4767
178 274 4206
274 347 9206
345 332 1880
497 169 411
544 237 2977
139 553 6063
69 211 7129
128 162 7174
148 405 6692
60 493 3896
157 567 3093
260 156 1398
494 365 1852
413 499 5278
449 594 2621
225 351 9090
552 363 7411
10 307 85
95 335 756
4 242 9383
450 1 7862
549 313 8770
464 329 5201
287 563 2613
231 478 1750
249 243 4992
362 320 4832
490 77 4401
168 5 2665
391 77 2334
141 105 9776
246 379 7603
566 243 3529
155 126 2509
305 196 3045
594 432 2919
514 171 5426
501 178 5780
276 183 3877
424 97 270
519 115 7926
187 112 8014
254 144 8909
191 327 4412
196 518 9963
547 452 8009
216 44 4811
144 56 4858
157 466 3097
492 268 9111
382 492 4915
547 308 1027
249 177 5662
596 580 3646
466 173 7116
290 258 1721
28 235 6124
329 244 5529
371 350 5394
555 296 6612
384 360 6042
159 599 5360
563 156 6640
516 543 9205
24 483 5157
212 145 559
574 213 1904
6 316 6591
470 411 5697
151 183 3530
91 525 1861
224 471 2549
406 232 5659
391 322 8559
130 407 9846
417 452 8222
436 409 2099
335 377 6942
439 259 3357
504 331 1238
166 103 6334
16 590 4652
531 364 7704
342 441 2844
191 271 4084
411 399 5364
450 377 4522
177 327 6707
429 466 849
217 328 9667
269 54 121
161 352 2819
457 366 1590
21 494 6441
39 402 9263
484 45 8168
588 69 9368
134 371 3197
154 280 6396
4 291 63
358 11 5757
103 447 1768
169 56 6448
357 281 1758
198 346 3060
457 235 8310
270 142 8947
146 412 3627
424 143 9916
166 350 7739
395 31 1695
536 565 8450
480 36 3130
599 474 6602
27 497 7314
95 384 6978
282 62 8677
133 150 6733
585 154 3583
86 54 4462
284 15 1867
145 532 2274
309 270 5180
454 537 1550
463 411 9356
549 394 7834
68 92 9732
27 316 6205
484 285 7964
522 474 3610
502 223 1732
200 114 6603
571 122 3651
67 572 7500
592 127 5824
90 444 7243
476 234 15
335 113 573
10 559 7421
123 326 452
296 396 8686
73 272 3887
321 439 246
543 457 9521
367 120 646
57 396 2567
84 273 2426
191 329 6547
506 501 7616
58 562 9645
488 206 5130
235 214 5740
528 11 3222
172 468 6161
134 473 7837
226 492 2820
43 360 6267
121 403 9954
554 448 1486
418 300 3286
529 277 4897
226 87 8391
372 97 5050
412 427 8642
110 344 3059
522 54 4568
177 592 4021
87 409 9434
279 106 186
151 533 2404
280 339 1860
466 242 583
366 232 7146
358 48 8427
439 25 5395
117 30 4340
515 140 53
438 459 67
526 325 4686
95 154 319
287 99 1988
34 179 6789
177 485 5946
311 231 13
97 398 6419
50 347 7486
481 199 4411
533 400 7749
427 12 7459
472 201 7777
281 17 1901
583 478 1986
164 540 5912
597 224 2402
595 70 2382
511 470 2292
142 342 3099
196 494 3819
58 213 7807
58 335 4957
415 169 6952
227 62 1833
448 363 8761
201 414 6950
482 123 5695
87 509 8462
151 159 1732
594 260 185
349 295 3556
367 191 9422
194 443 1056
406 485 9047
418 160 7313
390 305 4531
420 528 3727
162 537 4962
336 441 6081
419 46 5276
533 536 8806
575 229 194
33 55 740
211 517 6568
466 220 8129
372 313 5105
68 75 2384
467 247 5757
195 230 3438
202 41 5457
291 282 285
57 387 7142
109 534 4863
453 414 8019
212 399 6614
146 60 5102
448 502 3083
511 148 624
570 214 1437
187 167 6024
49 320 4571
231 316 4178
403 233 5973
59 80 856
463 221 479
204 465 4010
186 221 6375
237 229 6569
527 142 1673
420 189 874
452 467 64
248 495 7384
538 437 2255
553 571 9321
212 209 9295
440 565 7462
260 387 3083
241 581 2452
346 361 5402
349 571 4327
237 305 8092
435 318 7705
70 559 2040
233 229 1799
169 89 2148
247 302 2477
31 381 7206
245 199 4642
2 581 9370
493 451 5413
96 528 3076
298 215 2617
499 532 2152
2 444 5295
255 210 7623
218 23 9154
381 426 7020
577 319 8728
247 216 4823
255 277 4871
52 47 5656
22 234 85
205 68 9216
576 453 4532
496 13 4884
354 307 7980
485 299 1939
385 188 7483
143 140 7434
556 82 2106
180 157 8036
258 172 5649
128 72 7687
548 140 6125
405 490 156
501 496 5399
160 86 3976
536 433 2703
113 366 3970
440 325 5101
566 158 3346
499 454 4619
577 556 7653
556 354 9695
548 9 7798
438 38 7288
307 242 1412
163 539 6796
387 69 5845
325 57 8641
163 47 9020
107 291 1322
555 45 2199
544 499 2228
196 569 4843
280 46 6544
48 543 9315
108 578 595
507 368 9717
567 407 3707
290 6 8839
177 595 9524
354 432 5714
115 346 5148
474 295 2644
507 380 3794
141 305 348
353 168 5909
154 318 8161
555 81 8620
133 224 7059
286 304 2561
395 568 7814
565 242 3955
266 38 5819
382 210 8892
278 312 3024
554 225 15
331 166 5418
4 284 7541
502 12 2625
557 470 1865
390 497 3245
71 351 4673
3 151 2383
520 276 7887
324 436 3522
72 233 8761
279 511 626
446 300 6565
59 214 1229
328 370 4361
546 535 2153
97 183 577
157 165 1957
62 97 2017
287 477 9444
195 510 6028
374 152 4934
595 295 3781
495 122 3289
303 172 1750
201 236 2927
161 545 4671
539 502 3345
208 577 8385
553 185 8580
421 561 4026
284 476 4602
198 375 6418
594 4 7579
506 139 5063
581 368 8052
342 246 8950
151 301 9312
519 210 4890
486 22 1094
481 113 7704
531 16 579
518 146 9211
169 21 217
338 216 9374
507 94 8503
149 405 5784
150 182 6522
530 183 4747
464 171 9828
359 377 3439
360 103 8970
557 436 1020
503 480 6068
314 166 5655
439 68 6816
532 35 9150
235 80 6759
105 82 8054
103 59 51
532 75 1988
32 269 8112
241 191 6922
270 245 8690
468 480 3955
152 203 839
382 426 3426
215 378 7918
352 345 2808
160 385 9864
485 436 484
340 435 5085
411 1 1423
545 69 7472
521 426 2487
53 320 3399
70 512 4027
441 151 2069
129 79 7832
428 137 795
484 522 291
258 107 3069
574 7 8999
60 503 8888
368 101 9777
232 489 8324
151 364 7449
219 555 1894
83 300 7715
381 310 4585
23 554 2630
221 324 4301
249 569 9692
30 59 7376
75 125 1946
290 563 7962
395 212 2002
85 387 3327
119 384 5094
29 592 3712
20 287 527
280 599 4866
72 573 3455
53 253 4467
430 149 7810
230 324 4873
73 530 2331
558 151 8476
148 340 9086
63 105 5878
593 120 6681
207 107 6746
376 112 4872
203 387 5587
65 549 7432
475 28 9789
244 185 6731
303 547 5992
289 521 269
514 392 3148
211 65 6389
310 245 9831
425 162 4015
551 210 7086
344 305 6393
300 338 4210
90 210 796
530 423 9394
531 420 5245
130 252 7169
181 85 2436
86 132 6761
201 553 7596
599 502 4191
112 454 7915
553 372 6808
402 571 4915
243 99 5052
79 249 4281
545 501 2713
291 522 1509
44 332 8507
519 65 3196
60 361 7689
44 185 9514
459 542 8355
210 594 1970
157 143 6570
282 584 938
550 439 6415
175 277 1730
212 513 960
476 466 5908
518 254 6640
433 97 8738
28 566 5590
127 117 4507
392 306 7048
550 302 9599
213 72 8232
364 71 5638
422 159 8863
120 546 6027
417 165 7673
255 318 2173
517 462 2272
358 486 6056
265 176 9644
440 21 8673
103 540 9819
305 240 129
584 479 7117
316 44 7907
240 49 7555
393 193 9776
365 92 7095
394 382 7161
379 369 3326
592 134 470
267 399 2589
513 210 1614
4 412 5834
476 593 2120
385 232 6372
214 109 9425
206 47 2021
39 319 6814
436 31 2694
488 453 9811
404 275 5362
256 489 2004
147 86 1646
167 597 2588
250 555 3048
305 78 2635
25 532 2304
558 174 2516
107 400 9988
233 261 9783
108 170 2304
151 82 7196
250 391 373
361 37 1137
354 135 2600
349 585 9701
188 487 4301
17 176 1941
312 61 2117
98 286 6261
354 141 4245
227 145 4467
467 564 1864
312 248 8466
362 592 4869
395 575 1050
44 320 8130
116 227 9052
18 564 8145
220 451 3120
430 492 2203
111 384 71
349 198 6239
588 90 5885
426 411 5267
463 535 1420
432 77 4431
497 372 4483
135 559 7623
377 433 4136
35 436 5497
164 487 7211
576 499 3879
394 205 6029
66 402 4775
538 27 8911
252 234 6536
57 37 2223
414 516 4007
38 27 4032
83 122 4786
569 247 520
267 135 604
420 241 7487
294 371 4498
585 175 8278
298 145 3852
30 304 2790
286 162 8519
293 2 1914
294 543 2977
152 313 6927
425 450 7142
341 258 682
177 278 8619
254 257 1177
482 448 2856
539 87 7662
38 333 618
587 159 3897
344 100 5385
576 242 708
159 470 742
553 457 7924
388 581 8889
54 546 8318
599 499 5673
478 174 1528
22 20 1500
140 2 3393
70 5 9777
35 211 6610
407 246 9436
487 6 102
130 21 7458
446 184 9079
485 372 5764
149 451 394
594 565 7472
215 450 8413
20 196 6565
115 198 8016
132 525 7094
564 561 7201
474 431 7683
558 578 9660
70 385 4724
527 97 9185
224 3 806
587 493 1735
14 303 1322
180 19 2306
566 297 6860
138 521 9552
140 596 6465
214 555 9561
582 495 6484
532 269 6967
581 366 6433
482 338 6115
125 325 2146
539 412 2786
360 474 2073
96 387 9711
247 361 6655
361 195 1402
162 189 5549
271 280 3361
162 141 6712
141 421 8925
92 500 513
351 493 1584
120 269 12
203 80 3244
394 495 5953
343 313 7302
472 516 8849
210 559 9196
164 495 2506
487 58 2277
356 590 2862
159 248 1879
7 198 384
189 320 1150
113 198 9984
431 109 8731
51 173 7368
554 167 3257
204 351 2696
246 174 3447
116 309 734
468 407 4514
234 413 6809
541 35 3587
595 298 5182
452 182 4808
117 195 8219
5 420 9878
500 97 1725
247 162 1503
460 476 6333
144 459 3872
352 503 5903
175 377 1661
329 173 8461
143 207 3648
218 467 320
457 107 3711
179 168 8080
298 25 8621
548 465 1646
511 541 1027
260 408 9215
221 272 2591
113 439 3947
557 294 4285
66 65 1094
495 231 5269
323 194 1837
566 316 9108
8 71 8997
516 363 3727
76 248 5936
366 526 2116
172 508 2288
586 240 7810
127 597 1729
207 417 1580
72 245 9777
350 475 2970
223 272 1730
191 397 3072
411 508 4531
206 399 3185
44 149 6539
70 247 1494
288 141 1607
446 419 3227
219 563 7541
163 415 4443
388 266 2097
133 248 9052
237 421 8399
46 289 9821
490 386 1657
343 85 3182
141 444 8619
397 574 8496
120 188 4541
67 437 4462
300 321 8224
529 66 2715
449 486 5003
476 414 9213
398 157 1815
111 238 5978
571 139 2458
266 42 2097
180 227 6816
442 141 8796
369 454 4992
289 191 6948
411 122 3485
54 377 308
416 578 5643
191 464 8370
298 166 1700
277 30 250
275 588 4586
584 92 1677
517 310 5807
140 323 5786
290 165 9411
99 349 2587
567 462 4205
532 350 7282
213 178 8493
500 168 7140
337 388 3056
139 271 5062
0 270
1 438 466 3468 452
0 478
0 241
0 53
1 514 540 138 66
0 155
1 144 12 9909 112
0 283
0 569
0 33
0 520
1 85 315 7452 40
1 498 142 1666 154
1 71 76 3542 199
1 188 69 5946 360
0 96
0 425
1 244 181 3604 314
1 174 53 6628 217
1 590 262 2716 481
0 439
0 317
1 353 446 5263 307
0 497
0 9
0 36
0 410
0 370
0 504
1 254 558 3156 411
0 350
1 51 302 4395 338
1 344 182 6421 147
0 430
0 193
0 579
1 477 424 2276 234
0 502
1 495 518 4684 82
1 426 158 3629 56
1 308 272 9634 405
0 58
1 244 101 9367 192
1 440 66 5587 156
0 549
0 588
1 10 296 6182 130
1 424 466 5965 23
0 286
1 474 212 4229 22
0 386
0 310
0 142
0 376
0 31
1 434 378 6229 413
0 102
0 512
1 149 137 1290 194
0 441
1 547 94 8557 582
0 466
0 511
0 46
0 209
1 435 328 6276 188
0 173
1 115 402 3317 540
1 62 272 8788 218
1 14 101 2964 395
0 175
0 98
0 293
1 155 14 3803 59
1 235 211 7546 308
0 330
1 13 308 3423 275
0 189
1 386 545 8366 244
1 505 197 8880 496
1 211 29 4692 372
0 577
1 353 386 4783 64
1 106 453 2460 334
0 245
0 256
1 34 186 7902 259
1 559 60 1634 309
0 420
1 3 468 6567 306
1 340 193 899 140
1 41 420 5131 566
1 566 339 461 355
1 156 288 5405 445
0 365
1 344 458 7603 369
1 448 438 3306 17
1 43 474 8016 447
1 485 95 9345 237
0 179
0 557
1 45 138 1960 167
1 225 331 6354 366
0 412
1 550 531 581 476
0 394
1 153 424 7308 428
0 565
0 222
1 454 238 6881 289
0 148
0 509
0 327
1 158 125 6724 138
0 342
1 503 598 9737 351
0 231
0 461
1 502 97 548 573
1 596 220 2651 219
0 471
0 55
0 100
0 267
1 58 240 5371 593
1 164 301 5777 165
1 358 557 6227 196
0 67
0 495
1 50 478 6032 346
1 443 30 3288 392
0 500
1 579 441 594 390
1 26 402 722 457
0 544
1 547 61 2178 99
1 556 489 2899 388
1 430 571 8066 483
0 19
1 305 167 7529 381
1 158 454 221 118
0 556
0 587
0 356
1 188 544 6201 2
0 581
0 547
1 168 548 2641 489
0 519
0 406
0 595
0 298
1 206 497 1996 74
1 474 460 8543 494
0 409
0 105
0 299
0 401
1 587 519 6099 202
0 139
0 367
1 197 556 8893 39
0 181
0 384
0 97
1 584 445 8658 95
1 513 420 112 210
0 88
1 311 468 3611 127
0 316
1 239 596 3680 5
1 59 385 1348 534
1 560 2 9232 73
0 434
1 195 201 6714 368
0 403
1 303 254 7516 304
0 121
0 63
0 296
1 185 270 5271 52
1 54 444 1956 54
0 223
1 333 326 7685 50
0 83
0 407
1 534 256 4094 550
1 316 459 2188 43
0 45
1 487 145 7980 284
1 480 522 8634 239
0 329
1 17 412 7123 254
1 33 227 6547 117
1 437 447 5862 583
1 97 55 4555 25
0 590
1 597 238 9779 486
1 295 502 6689 113
0 171
0 246
0 87
0 513
1 332 156 4161 311
0 570
0 183
1 327 217 9455 290
0 34
1 96 381 101 79
1 328 48 7919 224
0 135
1 418 296 9325 47
1 386 558 3876 185
1 224 269 5115 493
0 137
0 191
1 234 440 6751 529
1 229 221 8264 201
1 452 510 7808 93
0 325
0 291
1 319 3 3396 389
0 91
0 333
0 129
1 450 457 5669 211
0 301
0 458
1 404 115 4436 302
0 475
0 382
1 117 364 6903 248
0 122
0 379
0 163
0 399
0 543
1 153 131 5440 247
0 86
1 254 455 1124 374
0 514
0 35
0 467
1 134 428 6703 419
0 536
0 456
0 438
0 337
1 211 274 9778 32
1 375 134 4341 27
1 392 424 7557 285
0 446
1 21 64 7419 523
0 352
1 2 585 6754 12
0 278
0 249
1 22 597 2849 533
0 567
1 462 443 8384 214
1 225 518 3494 258
0 57
0 415
0 184
1 112 461 8242 558
1 59 76 5489 62
1 570 530 3892 464
1 281 308 8768 297
0 473
1 131 39 12 265
1 52 175 4813 353
0 153
1 459 148 2179 250
0 323
1 498 481 5984 417
1 546 539 9668 84
0 16
1 306 575 3356 186
0 81
1 422 301 8060 303
1 204 466 7712 305
1 252 441 2209 555
0 429
0 431
1 2 424 9671 488
0 162
0 521
0 226
0 111
1 325 108 2502 503
1 426 482 1294 257
1 99 146 5724 357
0 205
0 450
1 160 402 3715 143
1 537 329 2188 479
1 582 181 3743 89
1 454 373 6978 176
0 383
0 408
0 424
1 134 172 3587 61
0 515
1 489 571 287 525
0 542
0 295
0 164
0 391
1 512 135 8741 280
0 474
1 125 455 7905 315
0 485
1 171 45 8536 21
1 520 172 8550 345
1 498 210 197 160
0 522
0 42
0 228
0 363
1 355 504 2416 170
1 196 221 8378 546
1 495 265 9171 123
1 41 5 4434 182
1 326 149 9653 195
1 102 74 910 76
1 131 390 9217 535
0 451
0 559
1 136 262 8230 198
0 571
0 263
1 246 427 3592 510
0 320
0 144
0 133
1 590 114 4586 526
1 243 585 3719 220
1 6 563 9809 44
1 18 484 6252 465
0 204
0 548
0 541
0 532
1 368 96 3659 463
1 187 294 923 328
1 423 448 4357 215
0 145
1 3 256 1307 232
1 387 370 8042 517
0 505
0 578
1 256 450 7875 377
0 132
0 537
0 126
0 487
0 225
1 439 146 1483 213
0 177
0 85
1 148 86 2849 460
1 465 14 5820 65
1 552 120 5649 212
1 566 353 1110 216
0 190
0 341
1 495 122 5076 530
0 77
1 49 512 2087 336
1 378 36 4528 78
1 173 511 6246 252
0 371
1 510 286 3187 469
1 137 185 1480 437
1 3 324 5486 141
1 278 584 1137 426
0 531
0 343
0 575
0 589
1 369 277 7381 149
0 432
0 159
1 487 132 5890 427
1 246 75 3420 38
1 231 520 8955 229
1 52 444 1994 37
0 131
1 520 467 1233 109
1 294 49 767 538
1 13 348 1214 508
0 92
1 273 411 3491 348
0 398
0 60
0 527
1 128 204 3831 436
1 293 510 1699 230
0 94
1 266 458 4134 136
1 440 244 5749 206
0 1
0 347
1 88 551 888 518
0 433
1 384 221 4830 492
1 142 422 6745 15
0 269
0 227
1 304 78 3210 453
1 518 468 6817 274
0 580
0 288
0 279
0 553
1 164 479 4446 268
1 290 469 7231 235
0 18
1 33 38 7475 180
1 51 427 2597 442
0 331
1 232 503 4557 260
1 526 456 5987 340
1 438 501 9638 422
0 282
0 443
0 7
1 14 314 8137 561
1 15 478 659 574
1 216 163 1066 6
1 167 334 1774 472
0 68
1 499 58 4237 313
0 203
1 87 412 1881 592
0 200
0 242
1 158 360 9704 292
0 586
0 261
0 358
0 359
1 159 429 3355 152
1 508 39 7194 499
1 456 89 6088 80
0 158
0 552
0 70
0 576
1 26 35 8719 69
1 424 455 5294 90
1 597 487 9219 560
1 212 486 7458 8
0 528
0 266
1 212 86 9965 448
1 500 217 5166 264
0 393
1 215 289 7014 157
0 150
1 397 509 2673 120
1 443 138 2148 49
0 240
0 484
0 72
1 544 411 5319 482
0 51
1 110 561 590 423
0 107
1 477 543 1196 178
0 318
1 47 209 9219 545
1 299 448 8390 591
1 99 282 5404 207
0 124
1 508 580 9185 273
1 600 112 7175 400
0 238
0 344
0 14
0 233
0 287
1 119 287 4963 332
1 306 180 8349 174
0 108
1 471 580 4221 103
0 255
1 591 264 8642 187
0 28
1 4 291 181 584
1 578 41 7462 468
0 128
0 322
1 561 318 5743 378
0 146
1 472 499 5568 375
0 491
1 534 478 4238 115
1 109 119 926 4
0 253
0 30
1 103 414 3063 312
1 16 314 5376 455
1 277 371 6482 454
0 277
1 300 534 9141 101
0 349
0 501
1 99 107 9372 440
1 575 52 3240 326
1 536 597 7187 321
0 11
1 223 233 1717 3
1 387 490 1937 551
0 516
1 291 159 5163 414
1 419 359 2913 13
0 387
0 462
0 294
1 25 325 8976 276
1 570 12 2151 396
1 195 267 7381 361
0 324
0 104
1 255 97 8269 397
0 418
0 151
0 161
1 412 63 5847 470
1 179 221 9121 554
1 463 114 4393 262
0 564
1 442 10 8366 300
1 1 136 1720 319
1 151 128 4501 10
0 271
0 562
1 422 304 2933 594
1 517 174 659 524
1 377 525 4141 572
0 380
1 561 265 7980 272
0 449
1 247 227 2499 24
1 582 57 68 29
0 585
1 40 499 6418 539
0 20
1 494 92 8424 416
0 208
1 513 138 840 568
1 112 209 6530 281
1 245 386 4957 498
0 236
0 385
1 393 414 2192 71
1 86 96 7689 362
1 502 128 4946 114
1 510 141 9866 48
1 360 387 3909 125
1 492 312 4700 402
0 563
1 208 234 2791 459
1 410 327 2188 243
0 41
1 297 338 4617 339
0 197
1 275 465 2044 373
0 507
0 119
1 12 241 2896 506
0 116
1 131 313 3629 444
1 161 370 2248 421
1 224 279 5605 404
1 295 139 5022 364
1 595 81 9825 354
1 76 251 2081 110
0 480
1 591 51 7530 477
0 490
1 314 55 426 221
0 166
1 301 376 4879 106
0 251
1 511 355 4253 134
1 440 277 3204 168
0 169
1 171 30 2495 26
1 94 566 1571 335
1 348 34 3760 172
1 508 435 3536 75
1 429 240 914 435
