200 7705 64
164 40 1586
151 163 8236
99 132 1023
33 151 7535
37 185 7670
51 78 7937
145 160 1151
3 79 1274
55 149 7291
39 28 4769
19 164 1983
84 98 3641
147 15 1855
168 169 1912
45 186 287
34 105 6154
44 32 8183
56 30 9942
45 111 8117
185 53 2848
69 170 6487
117 48 4703
190 110 7305
26 22 7008
138 160 9244
57 167 1067
30 61 5513
160 39 4436
108 34 5877
153 81 8469
178 181 964
84 46 7258
167 51 7331
48 78 9997
39 180 5649
48 22 7316
21 28 7614
76 19 7720
153 76 1175
189 55 4296
147 33 6961
166 193 9501
79 155 9813
63 114 8655
40 153 3291
148 54 9016
170 51 1401
198 56 3143
36 25 1774
73 89 9737
131 106 107
29 18 1300
69 111 5154
137 48 5492
12 193 8226
197 184 5449
9 137 2337
71 172 848
116 55 6763
177 29 4481
81 5 8138
129 113 8826
46 77 1671
129 191 827
130 144 7968
176 145 8625
120 98 7947
193 90 5895
165 90 5659
59 112 7354
174 46 2192
73 27 9932
166 175 7892
107 175 4204
191 1 8083
181 183 6115
15 46 4458
55 171 5762
44 75 932
37 3 5739
147 107 1042
15 29 3438
126 75 809
172 164 5702
93 134 5056
147 33 4915
39 27 7530
114 111 3416
65 44 7970
67 154 312
38 16 1877
164 143 6605
136 27 4212
158 58 5689
62 12 8874
81 101 2977
22 192 2602
70 21 8007
189 102 3949
181 113 3416
13 123 3355
24 173 7478
87 198 8473
104 172 6966
162 175 7603
23 108 9676
139 36 1625
182 119 7286
189 109 3758
80 8 4423
35 177 6159
86 11 5109
75 64 7586
116 72 3157
150 178 7120
61 161 9702
93 168 4275
43 171 3788
71 10 1107
122 113 4270
65 145 127
38 159 9985
61 166 2280
50 134 4759
150 75 9586
138 44 8419
186 57 9773
3 102 5055
10 82 3824
178 128 5392
15 56 5384
67 93 7911
14 125 8576
156 50 9020
13 45 5074
113 136 8871
22 65 5790
121 74 3599
19 6 1592
64 100 7303
19 38 9622
111 21 3462
101 69 5466
73 15 3397
51 190 6062
24 196 5439
65 96 878
64 155 4964
182 195 5131
130 4 2767
154 80 8717
60 104 4233
9 64 8488
135 101 6030
79 43 9922
9 161 4879
69 21 2676
68 149 9303
11 44 784
80 52 8242
126 134 7090
189 12 3786
4 193 235
99 13 5813
7 114 42
182 88 4572
70 98 3308
100 177 9966
42 30 6453
193 64 6580
56 54 9295
149 93 6550
178 121 2083
124 83 8671
100 15 4246
159 151 636
164 32 5302
161 17 8363
129 155 3701
77 89 8913
47 49 5638
7 110 7324
90 116 8950
96 19 7548
161 146 2381
46 180 6204
102 191 5158
131 168 4757
132 10 7339
117 199 9397
144 78 6596
174 54 732
3 172 529
93 89 5911
78 47 2998
102 25 8049
112 129 7639
37 94 6759
180 101 3829
1 79 5483
119 45 8905
55 71 2028
89 157 5822
172 34 1924
161 79 3219
159 169 8578
31 64 6226
23 83 3689
52 59 6315
129 189 8601
93 117 9941
13 76 1516
72 186 5414
42 24 4596
158 6 560
190 139 7668
50 70 2239
11 170 7484
129 8 3777
63 68 1210
171 32 853
52 169 2877
129 110 7272
167 109 8363
24 165 9596
36 37 3766
148 44 5241
74 89 987
73 66 6441
140 36 7292
111 54 1663
144 8 4334
108 30 7400
43 101 8598
62 73 9718
45 68 6511
137 167 5896
121 79 1743
158 63 7806
153 84 6236
85 17 6300
87 114 9833
173 45 3100
191 130 3653
106 12 2474
51 10 9990
14 110 4906
119 174 786
115 116 2109
111 17 6815
56 168 1476
30 155 3724
146 57 1796
65 19 4512
174 44 9196
187 199 9521
85 183 4995
82 194 1144
135 24 4037
57 126 8259
186 182 1615
168 154 7787
189 118 4505
130 182 3512
185 49 3140
46 68 4225
152 44 4021
97 82 3625
32 169 8545
105 158 5815
161 76 8250
77 104 4885
182 97 1545
116 63 8539
178 12 9292
123 141 5421
115 1 4674
75 108 9570
83 85 9861
146 94 6711
188 21 9719
25 72 5636
76 110 3984
166 87 1822
2 197 9400
52 94 1997
24 144 5136
16 142 2622
58 84 4134
157 119 7211
157 113 5609
83 191 8058
68 140 8489
59 65 6500
160 20 9396
62 128 1928
118 63 7421
111 43 8384
165 29 6141
127 52 9121
32 173 6735
80 92 3817
169 87 9302
108 65 6340
47 75 1138
190 52 288
114 168 3028
161 44 3923
5 72 2606
153 7 7049
83 90 6783
55 194 7730
134 167 2702
113 79 7244
92 90 9764
41 199 8893
82 10 3679
109 57 2868
190 18 6197
200 90 5168
71 140 2310
167 84 4753
192 49 8981
150 4 3135
78 28 4808
12 160 3160
78 72 1199
52 70 9278
155 143 7985
190 19 7312
79 188 4718
79 50 1592
200 100 1536
156 3 4277
197 89 227
36 55 8026
185 39 6712
47 41 9863
31 155 3252
146 151 8439
39 81 2495
13 66 6794
80 149 7194
46 27 9315
87 180 2368
47 135 9493
192 76 3729
70 100 7850
170 34 7707
13 28 5765
160 27 8602
58 153 9225
197 181 2273
151 162 1241
151 23 5722
100 190 738
144 94 3067
107 175 6902
98 154 8841
181 121 1770
33 1 2546
108 170 2435
125 194 5462
113 4 2493
72 21 6758
55 2 2172
109 17 192
167 8 2998
99 150 1194
126 7 880
9 52 5101
117 87 8969
2 132 6564
119 141 5973
26 55 6917
176 31 3883
137 172 6351
20 70 7569
120 45 9685
134 100 7558
83 164 3387
171 39 49
182 98 5279
94 5 5064
43 137 7433
125 48 4932
179 107 5606
100 187 915
19 163 9314
193 46 2046
9 115 21
88 39 7405
55 117 1423
144 194 8856
128 14 2295
165 99 9535
41 32 896
184 170 2316
2 199 2733
69 70 4024
109 39 8792
187 125 3468
14 188 8526
2 179 6297
196 122 157
88 113 5434
47 182 6592
164 96 6713
123 101 4330
119 182 7439
101 180 3554
56 193 1184
91 16 7247
183 146 2471
145 191 5476
148 173 6446
1 7 7966
1 174 4240
74 30 4923
134 85 5443
94 178 6109
28 126 305
93 146 6992
29 2 6854
86 76 8681
18 163 1647
150 32 4576
140 182 1345
26 181 1279
151 153 5031
2 3 1739
44 120 6993
87 106 6018
151 59 5082
168 138 1495
49 3 3256
199 50 3866
119 101 7754
17 140 3996
162 133 1101
150 33 6450
64 79 1519
69 193 7255
115 114 3561
164 143 4151
73 198 2391
23 115 8090
181 33 8297
32 151 9230
68 100 4591
54 79 2632
27 84 3425
153 163 6669
182 6 5245
157 47 5820
148 177 8933
100 140 2942
146 35 8744
41 176 6161
29 173 6576
123 61 7153
117 33 7085
79 174 6217
110 118 9264
186 31 41
89 2 5850
6 13 8360
107 119 5285
138 52 4732
68 33 4659
191 16 7816
162 127 9687
176 55 630
31 47 1314
194 45 4821
50 32 5343
54 175 3140
26 98 2097
67 53 7024
40 57 8027
102 146 2843
157 155 3520
166 142 366
105 142 8589
36 30 2737
79 198 404
185 74 7000
117 29 6203
123 144 5504
168 172 7044
121 111 7546
129 81 6622
100 119 504
17 177 6028
145 143 55
2 49 7605
93 87 3532
121 168 4044
192 128 9042
158 136 9617
158 72 8818
63 77 6903
81 171 8596
29 52 6712
123 71 7078
109 144 2823
68 39 1066
90 81 8724
151 10 9141
145 63 950
34 5 2246
117 22 9491
45 111 1652
36 42 7396
43 163 4251
162 117 1735
79 3 5641
53 118 9349
81 131 1940
97 13 1190
82 133 3918
149 196 8946
148 20 1516
118 161 3658
134 35 2595
91 114 4166
126 53 4401
184 136 3160
137 155 3183
31 120 1254
8 187 3437
197 90 4225
167 20 5993
113 94 6040
28 200 9218
198 199 2478
97 42 3953
73 150 6905
31 16 9605
103 119 2649
104 34 766
43 100 2773
91 188 3485
87 154 2013
126 193 5850
81 121 7643
151 89 3749
128 192 4459
131 77 4482
159 9 5182
171 120 8559
49 56 3177
189 136 2328
102 74 8468
135 102 8398
93 108 6512
113 43 483
171 154 4456
4 172 8265
107 1 2843
53 38 4012
174 151 553
15 189 7037
126 34 141
40 11 673
62 14 5547
51 101 7513
124 156 5034
54 138 2787
186 55 5283
101 70 3554
97 120 411
63 108 8089
176 109 4525
16 187 1118
156 86 9116
143 11 2573
32 169 7336
8 83 3383
159 175 6501
45 181 3047
190 175 849
53 79 7985
96 73 5878
143 18 7415
133 104 9552
24 56 4693
52 82 9610
174 186 1483
152 150 4071
162 20 3482
1 127 5027
110 167 9550
120 96 4044
72 55 9035
88 9 7643
21 7 9339
105 2 56
106 74 3399
167 94 9277
111 84 3492
51 65 2521
133 65 8320
192 117 6377
130 171 1549
145 121 9122
90 2 8445
153 76 5554
193 127 5888
155 105 1528
94 35 3082
148 19 626
186 46 1049
134 108 5206
194 82 1013
103 56 6498
74 129 8777
81 96 1288
75 148 290
139 108 3493
6 14 5381
104 168 9697
65 177 5302
175 67 7820
114 144 3493
59 99 5591
98 28 6365
140 126 3553
4 107 9096
150 133 5043
15 14 6581
184 129 7118
96 114 4077
64 83 8148
91 82 2354
110 87 6741
20 147 5706
6 82 2107
1 160 8923
90 76 5400
35 144 7719
8 79 31
37 141 7770
80 8 8064
171 190 1474
104 13 3704
159 55 6542
172 81 2617
129 23 298
72 172 6774
94 163 4122
200 87 5314
170 153 5094
27 94 5545
153 16 2982
131 119 8303
178 23 109
129 67 712
13 19 5994
87 194 5560
55 134 9726
77 100 2413
196 76 4824
88 198 5050
13 103 4279
1 98 6533
34 94 3505
90 27 7610
17 192 374
70 83 5400
113 53 5162
148 144 9737
126 48 406
168 99 7292
129 14 1009
37 25 5249
75 67 9925
147 153 8821
78 35 8782
193 25 3740
171 117 5225
189 2 2145
19 135 1323
169 33 5483
163 104 5440
137 128 9408
138 2 4870
67 188 8735
117 150 473
15 160 1720
93 181 79
31 114 3759
190 115 4967
24 13 2945
44 191 958
106 120 8103
106 59 2469
196 145 7644
93 76 2517
44 60 1110
30 24 8791
168 144 3355
107 111 1836
163 27 7083
32 23 5878
94 67 215
174 9 3202
52 194 4535
93 131 3253
104 114 3487
156 32 9417
12 148 6221
47 149 6922
180 196 4854
81 5 9452
131 87 2498
106 191 3648
92 192 5878
82 182 664
20 55 10000
54 27 5767
38 99 1496
3 126 1004
142 35 742
1 131 2048
147 79 3854
115 67 4559
15 172 5428
140 143 2628
178 16 572
68 85 1544
62 43 7696
100 101 4380
132 24 4200
158 59 9797
143 146 438
64 42 4952
151 178 1440
3 23 2999
25 48 7313
15 4 2331
118 160 6658
106 39 6866
89 64 5030
26 3 4779
133 23 644
86 28 8304
31 168 2088
100 105 6803
39 200 6956
198 69 1453
149 172 7506
183 135 7683
130 95 8198
149 172 6762
29 130 3331
128 185 3341
128 29 4995
154 117 8412
138 126 11
127 134 1271
22 64 6406
104 4 6252
195 126 6129
82 123 9934
46 184 9512
116 101 326
38 53 8351
17 40 7327
118 194 6915
187 68 1660
113 138 690
138 88 3437
137 174 2232
20 93 979
73 144 1500
100 98 7920
12 67 4555
192 162 2819
13 157 1332
102 132 7571
80 168 6500
39 163 9194
25 101 99
48 5 4227
12 83 3006
116 143 3127
70 31 8695
126 137 5253
26 196 7850
198 38 7521
174 132 4257
130 71 799
176 67 6887
1 151 9315
101 152 5176
132 43 9422
152 41 3311
166 111 4687
84 118 3330
63 193 1676
122 168 4352
86 114 3003
48 49 6348
85 92 1195
117 152 8122
129 108 1858
68 97 5528
189 186 9529
143 61 7070
159 15 1509
103 30 105
10 182 8600
137 39 4436
38 103 9303
11 49 9017
46 40 8845
23 193 2311
33 125 8897
151 48 1637
155 178 5219
106 43 8774
53 158 397
135 141 1277
171 114 1864
56 106 20
84 67 4460
9 54 5287
199 69 7837
113 45 9046
124 129 4562
136 188 6524
41 168 4344
98 8 8602
199 40 2343
107 182 6135
157 47 9267
100 122 7324
115 134 6582
13 189 683
33 72 2988
115 113 9344
57 123 6144
116 111 2892
75 62 4789
137 179 9598
144 125 6360
36 110 3538
129 49 5204
11 69 3215
17 131 6854
44 96 3884
64 155 5794
65 78 8931
82 148 5654
86 104 2137
96 171 238
176 171 6204
22 95 840
113 186 3982
117 115 4265
18 43 4834
73 35 6832
176 128 8277
101 19 1834
130 17 9791
150 118 5333
122 137 6682
15 86 1081
147 71 7618
59 96 8404
2 166 2927
144 162 6342
64 39 1311
170 96 8749
182 94 3111
173 107 7537
66 82 4059
160 67 6866
186 113 3516
126 54 5505
152 36 8194
143 178 4909
21 167 75
183 144 2016
64 20 931
22 10 7897
193 152 9365
40 7 1995
73 62 4625
5 164 3046
21 187 5678
76 117 7172
3 179 3058
68 37 4919
68 138 3695
68 11 6530
75 181 993
124 197 9014
109 146 6550
83 153 8174
186 134 3581
42 178 8477
91 174 1314
25 169 2470
12 184 8490
105 156 3020
164 75 2394
194 155 571
188 180 5661
102 161 8007
124 43 7622
6 24 3189
28 37 9618
132 176 3607
106 83 3154
81 114 2572
175 180 3992
72 184 8455
176 39 4897
66 111 2830
50 132 7010
188 184 7718
45 172 3813
78 92 8318
180 173 3621
85 127 2410
132 99 2249
76 118 3745
172 36 8143
95 132 1081
180 186 5017
33 9 849
65 191 9260
151 44 8111
96 68 6007
52 67 828
1 195 2401
134 161 8029
95 190 7750
9 64 4756
117 119 9571
115 71 7814
195 90 2672
80 158 2606
177 8 4222
150 183 5411
75 78 3458
84 63 3221
191 70 2961
80 94 3966
123 20 9693
174 92 4007
27 180 2351
168 117 6617
81 2 4565
154 7 7605
22 98 3374
69 49 6566
9 81 7347
15 182 5045
5 172 8969
1 163 4990
168 112 1461
178 149 6994
177 162 4767
122 103 1292
106 48 7883
57 2 6184
23 72 8692
169 102 7729
85 64 5466
2 1 106
159 157 5581
93 6 3472
125 8 5643
148 128 8078
63 30 2423
119 166 2753
105 103 3866
26 57 1838
47 50 4287
30 197 3808
91 136 8265
53 181 5559
140 142 4328
170 75 29
34 39 3261
16 166 4219
192 185 4794
147 60 3548
41 14 7582
36 10 1217
102 15 4687
121 130 7621
47 108 761
173 117 7793
81 175 119
11 49 5683
167 35 816
17 61 9499
68 119 4483
67 19 7543
120 103 1734
93 22 1135
185 141 3324
102 196 8547
124 116 645
178 166 2068
124 70 7307
39 38 6081
3 23 7546
146 64 1668
191 33 864
50 12 1164
183 129 5414
150 67 9692
78 162 3758
51 32 3364
119 90 733
185 65 7247
194 170 7691
39 95 2317
134 169 7241
180 171 9170
16 28 3906
72 65 9598
115 199 7766
146 161 7487
177 151 1155
51 140 8852
153 179 1029
171 5 5796
114 9 703
67 169 9471
79 53 7306
147 151 4274
139 192 6175
173 124 1921
159 54 9120
66 96 3489
146 16 3004
76 101 1540
89 108 2915
84 194 4793
39 98 4678
45 147 3587
111 153 6467
89 52 1976
96 65 4192
74 70 5966
200 19 2998
172 129 1153
124 182 7936
177 18 3688
80 91 4916
93 39 9689
194 107 9729
76 145 7802
100 88 8234
41 122 5563
185 11 5817
8 24 6224
187 82 3655
72 59 7416
180 39 4761
143 121 3915
114 79 555
61 124 5566
124 198 5435
43 33 6191
7 131 6549
15 19 9216
132 105 5920
77 97 1796
192 108 41
185 148 5688
13 176 3710
107 196 7972
79 168 6014
114 3 578
26 14 352
12 121 2078
186 175 7857
117 66 8959
99 57 7218
126 77 8485
99 159 7953
56 7 3492
156 148 8439
193 120 2752
15 111 3331
95 37 5690
197 135 4021
91 54 4106
168 71 6878
176 16 542
34 75 9862
45 6 6834
132 180 5853
119 195 8896
11 9 8087
90 148 6458
14 71 7938
114 84 694
19 154 1706
61 96 4890
10 69 9792
100 85 2921
42 39 6262
130 79 2492
148 54 5918
164 75 8996
37 16 5715
106 39 1840
176 16 3240
5 25 8154
3 46 3137
161 125 711
177 171 4991
45 171 2303
96 44 176
89 65 5513
116 76 1239
80 141 2747
180 151 1240
87 134 4641
67 117 8294
37 28 8348
131 68 2640
67 37 2638
125 193 7722
85 137 979
132 17 4937
154 129 3410
75 89 241
148 173 1036
144 146 9870
154 157 1275
86 185 7339
164 34 6042
177 163 874
148 57 9198
196 111 7434
2 119 611
151 21 1480
63 102 7956
105 74 5257
158 101 4941
128 126 1781
47 157 3541
111 80 5095
133 113 5478
103 48 178
27 166 7999
121 77 7782
116 4 8125
156 88 6115
120 156 4597
131 73 9501
22 179 9317
25 89 2050
78 124 9151
169 80 2429
23 191 6148
33 170 5263
15 118 527
11 85 785
148 87 1434
153 110 3829
180 57 1719
68 135 9626
163 20 8248
199 114 451
162 191 1050
84 21 3495
154 130 7938
5 175 41
152 182 8778
150 90 6745
64 10 6830
185 82 8027
87 151 8067
122 44 5302
180 134 5031
85 83 7072
136 153 3551
117 135 2072
22 40 8925
71 159 7701
148 45 7521
158 74 1886
50 138 3666
161 184 6137
34 161 3244
26 7 6072
146 77 1372
159 147 7985
135 8 4027
23 77 4125
179 148 4248
118 143 4675
8 126 1689
1 151 2150
69 40 3891
17 99 7261
40 6 9368
66 164 5906
133 164 4577
123 102 6046
78 86 6652
20 6 8290
28 40 6840
11 142 8201
142 120 7215
23 14 5133
7 161 6580
153 84 6887
37 193 8205
136 13 3611
175 13 5490
140 92 4500
167 59 7799
102 163 7516
65 177 9207
126 40 4111
67 53 178
13 25 128
22 133 2745
60 195 2956
148 184 6903
77 89 847
130 108 2098
1 56 8371
23 33 6963
97 155 6288
54 62 4242
185 107 9457
130 60 4806
194 167 6964
32 64 5644
176 13 1924
193 125 3014
148 8 9994
192 81 5334
155 51 8610
24 167 7676
102 68 1690
35 149 5276
19 141 9968
15 135 8963
181 111 4525
177 172 7836
152 9 8029
63 48 5870
112 153 201
58 161 3930
127 31 6744
47 80 3138
169 31 4674
199 153 5519
28 82 4236
198 132 2069
169 47 4450
142 57 1730
98 30 2443
123 141 4555
163 153 4432
151 30 6296
156 183 7136
167 53 7757
86 163 7964
143 36 6075
77 37 4872
18 49 5799
109 112 7028
93 169 1721
24 92 711
52 128 1944
190 21 9854
172 169 8612
143 124 4533
76 65 6436
30 44 3444
142 97 2785
102 104 1243
59 13 8723
81 155 8881
166 78 3740
54 9 4313
175 47 626
196 108 6550
91 86 1856
93 98 9186
122 73 6095
77 45 4777
186 92 3393
123 163 7356
90 184 399
87 199 9603
146 54 789
125 200 5922
89 116 7418
106 17 7760
39 128 3348
124 9 2979
13 155 1388
198 188 80
178 8 1757
109 65 611
104 173 1603
21 39 3002
150 26 9442
176 34 3287
70 200 4213
72 146 3158
194 131 1785
67 134 5867
196 84 298
175 53 7617
76 192 8476
142 133 4942
21 157 540
196 160 3979
194 31 3080
167 84 5123
29 38 780
174 130 5513
64 155 4063
93 122 1872
72 194 7102
152 36 7909
15 178 824
63 18 4832
97 59 9178
1 157 3884
66 168 603
116 30 5219
23 22 7979
92 119 7469
162 171 5016
90 1 714
25 107 3937
64 151 7918
81 151 8447
194 82 8126
127 87 7489
23 166 5609
152 18 984
177 142 3480
75 27 418
89 20 2025
4 103 5914
78 156 2408
98 180 7760
120 17 4143
10 172 4726
128 88 4561
5 187 5115
35 5 1074
73 158 1755
79 83 3097
180 173 5383
93 8 5272
134 138 7905
80 31 5179
96 195 6427
37 112 5520
95 148 2897
116 174 8374
38 49 6724
94 112 7498
12 123 7401
32 122 8174
145 8 9057
183 125 2907
191 16 2123
173 140 537
103 110 8039
106 73 3116
97 148 6332
94 72 6001
152 83 6045
95 178 9705
78 121 8327
7 5 2342
108 179 7007
48 25 1684
93 150 1738
42 103 2123
37 169 5804
108 150 6850
12 62 5653
146 182 6022
79 89 7946
54 17 6891
48 7 1809
178 87 3778
93 75 511
110 49 445
103 29 9717
165 120 702
172 36 9816
149 63 1079
88 46 8992
86 102 3070
167 150 6228
162 9 1328
47 198 1268
95 41 1224
196 29 2951
170 137 5263
92 35 6903
44 108 5014
92 99 394
137 125 5458
194 184 1730
119 104 5944
61 99 6999
108 120 4042
155 36 4996
180 168 5857
178 55 3728
82 197 7883
153 154 1198
28 12 3223
71 100 9095
196 113 4095
100 40 2406
37 72 8293
143 19 4885
114 144 4257
16 26 7063
142 100 5083
192 88 4005
15 132 980
142 126 8205
68 172 3370
4 108 9144
58 123 9468
113 32 7724
138 136 2683
152 45 3058
173 16 9906
41 134 600
107 27 7159
150 123 1497
152 168 6067
33 75 7323
120 53 6014
133 155 2522
149 108 7551
122 14 8628
143 75 3907
181 165 9174
3 187 7868
8 18 9333
111 172 9948
54 144 4303
38 79 3714
26 181 4754
71 172 7237
153 187 5549
195 125 3663
156 171 8823
39 131 8139
131 187 6894
118 7 1010
119 98 4433
107 28 1043
143 18 8831
94 92 9682
133 38 9713
165 161 2722
34 61 4694
61 157 3862
72 45 7119
17 83 6597
6 43 5146
91 200 9916
122 106 8419
49 29 2745
26 10 3927
82 47 7701
84 108 8171
129 104 9922
39 68 2014
97 47 2101
82 110 5434
178 142 278
163 108 640
156 163 918
194 182 7029
42 10 9408
128 43 2936
120 112 7220
19 64 9302
8 11 5456
59 56 6992
105 57 1040
98 107 8731
130 103 2232
32 9 1752
30 19 6559
36 25 5430
24 148 1070
74 93 1205
1 8 2218
169 57 3676
80 23 6319
85 60 382
186 110 3598
189 174 3640
146 159 824
150 51 2607
91 127 3659
72 191 3912
60 192 6573
31 146 1656
28 57 9303
197 87 3213
30 18 7764
183 136 812
22 5 9834
157 52 3405
165 114 7720
110 132 533
177 98 7857
195 10 4339
65 142 9001
34 124 1965
1 185 414
47 8 9611
105 84 9721
55 48 820
34 185 757
61 47 4856
12 73 5662
121 189 814
10 146 1790
117 168 1728
95 60 2181
34 5 3876
86 131 1223
107 118 5164
20 123 9627
144 115 1489
57 167 8273
182 46 5227
175 18 148
22 25 8164
154 26 8609
27 131 1694
153 6 7264
108 139 8365
190 198 7874
110 52 4056
60 116 8753
5 92 5871
98 103 3262
48 150 1267
108 22 1720
200 11 7340
7 44 5774
129 137 2392
59 78 9372
31 113 8499
108 67 5392
26 137 3335
89 91 4797
126 154 1910
98 35 9315
52 186 5830
139 183 7325
166 60 6093
150 145 3227
50 62 8478
1 122 1584
28 29 2371
76 120 4879
161 149 7386
134 79 8754
185 91 4469
136 19 1180
76 46 9773
186 52 3840
17 75 887
5 139 257
20 97 3963
129 165 6348
118 77 273
88 69 1427
10 79 7997
51 64 2891
109 100 7228
180 67 5784
6 190 4655
140 15 7528
94 193 4712
134 153 6798
66 55 7283
163 83 9456
47 103 1223
80 71 8243
141 130 2590
149 126 2822
87 167 1041
96 60 3005
154 79 9544
50 38 6543
61 11 6800
176 31 8050
80 20 6622
124 7 8005
32 12 2116
61 133 6110
74 36 7233
53 159 2982
134 142 8782
114 128 7618
30 180 9527
112 58 148
176 145 7383
53 20 4130
105 174 1607
181 5 9845
146 144 7048
47 114 5652
159 25 7311
71 101 7314
182 107 3649
46 95 7334
189 61 6432
24 104 8441
88 119 5780
68 52 3750
89 16 1486
17 129 4286
25 195 8345
159 6 5193
158 22 2898
69 174 3412
198 155 8075
41 86 7047
99 74 3418
141 67 4710
16 79 3639
32 143 5995
11 129 1462
131 38 6818
3 43 9522
46 69 3654
53 158 6971
9 35 2811
66 174 1649
104 130 379
99 28 2721
185 183 2373
39 101 7280
120 105 4226
101 74 9655
197 87 1818
78 160 814
124 198 4552
69 200 828
102 153 4617
33 65 2910
79 193 523
146 149 4262
96 112 7939
195 74 9606
101 9 5264
55 99 4749
154 82 8127
87 166 6529
90 45 702
59 23 8942
80 59 309
112 61 9183
10 74 5602
169 99 730
186 89 8325
81 186 1169
191 170 9388
104 6 1671
37 32 8096
76 7 4464
73 1 1919
194 72 5388
71 134 5707
77 13 5669
95 120 2835
183 169 4791
165 134 5168
198 6 3696
89 69 9684
41 18 5897
39 134 3967
155 38 7892
168 7 8690
167 64 2630
8 19 3063
165 195 9159
57 28 6704
60 166 8120
129 170 5216
145 147 4420
168 108 3224
15 65 2634
197 127 3315
168 5 4458
137 37 3572
19 28 5103
20 81 5790
127 140 5405
79 192 404
151 60 6075
98 185 4003
30 153 8322
184 104 3229
45 67 1927
168 96 6055
91 7 3318
173 48 5861
189 15 320
56 40 2405
38 199 8870
132 108 4938
185 66 3574
114 152 9099
157 196 9813
87 149 3755
64 113 8079
27 195 6954
31 15 8347
52 79 9387
173 87 4563
195 23 5272
83 10 2963
93 124 2372
72 194 5663
37 48 5295
136 63 3258
159 193 1151
42 187 3732
168 196 493
117 144 5013
62 54 3262
106 96 8264
66 39 708
176 141 2858
125 56 8693
109 91 7458
162 199 7578
73 84 9043
160 104 4826
183 163 2736
52 95 6584
167 58 6528
13 139 1547
181 72 4003
63 62 4925
111 149 5844
60 83 5910
182 33 4207
48 110 3978
170 109 9813
92 50 8753
99 79 1758
175 72 9045
181 68 8190
192 68 5186
12 25 1932
70 5 2873
105 147 2927
155 52 5973
92 192 7498
39 52 1730
99 166 7145
18 132 3355
98 195 685
5 97 7220
163 180 9813
169 119 23
48 106 7886
31 34 7491
47 18 3132
90 56 962
70 13 8825
43 42 169
79 40 2238
180 59 9830
6 4 1633
175 200 917
169 105 7838
56 137 9780
183 158 8920
88 31 6089
53 60 2386
171 6 2784
109 90 1301
181 170 735
79 165 2897
116 146 4781
54 177 9314
22 145 194
89 143 3534
8 29 2651
12 55 4424
16 54 3545
198 178 9485
114 98 4846
67 170 2273
111 58 3622
125 84 6267
87 132 2088
167 193 6847
129 122 9262
163 50 5979
121 195 7729
13 107 8164
81 65 6329
143 193 2769
99 35 8243
7 190 9929
158 196 1700
6 133 3529
119 108 1773
146 98 8089
67 174 128
95 132 8000
194 138 547
161 69 5333
118 52 4498
21 33 6856
93 13 6762
98 54 7168
107 128 9971
26 116 8727
148 8 654
117 21 5411
169 112 320
104 31 5814
160 171 2846
114 167 648
90 62 3257
41 168 6483
159 187 3148
139 85 2768
45 143 724
102 36 1633
33 47 1632
52 156 7871
93 78 8842
73 96 2293
83 43 2772
64 76 5565
17 1 646
110 152 9001
78 46 4168
76 147 1909
35 65 7035
131 34 4732
150 134 9917
180 33 7320
124 20 669
174 41 8654
134 9 5675
163 52 4281
29 45 6725
173 37 4773
8 140 8237
125 179 2400
198 176 5519
53 136 7501
143 62 898
152 21 3273
120 104 4061
182 160 82
40 52 2013
76 146 4772
44 107 4643
84 82 1030
186 93 3988
25 46 2053
164 2 1019
133 59 2303
51 140 6226
71 179 4163
151 52 2338
7 191 8408
189 75 4294
29 13 3835
88 35 4711
146 28 9789
3 180 148
52 30 1933
54 131 7952
8 5 850
31 112 4993
171 90 3275
27 64 918
10 2 9611
37 155 1065
4 42 751
30 174 2998
132 93 1378
14 124 5547
115 83 7732
27 25 2401
118 141 4550
16 87 6985
20 150 5562
32 133 9899
83 68 9865
27 133 9003
172 56 548
88 93 2493
44 98 5248
76 96 7211
28 105 9180
130 70 869
92 106 9636
68 66 4025
59 71 1627
65 130 7059
27 178 1461
104 77 6694
179 34 7524
20 136 1820
109 86 7108
80 186 8971
146 88 8440
101 73 344
90 188 5606
58 68 6977
176 152 9057
124 179 2118
158 14 2550
6 196 8776
181 97 9626
162 16 9269
32 69 2881
25 197 1554
170 75 7058
9 189 3642
5 195 2602
149 159 7527
157 122 8638
57 149 2047
76 110 902
61 134 1665
80 192 8311
146 30 6336
42 18 8527
99 91 2688
16 137 9174
159 8 4111
94 53 1027
157 32 2149
160 167 1469
86 67 2047
52 171 9364
9 197 3657
134 30 6239
43 177 8234
108 89 9064
39 127 821
171 199 2549
109 174 6797
161 36 5896
101 78 2665
149 64 1321
182 45 8265
188 10 8979
170 61 5719
70 48 9581
165 35 2114
161 117 3674
150 28 9991
133 188 2707
141 4 7362
183 110 9075
86 79 900
26 127 9412
197 36 3716
163 198 5544
123 94 9515
131 28 5115
24 53 3099
187 4 5016
106 13 8193
60 28 8345
133 157 4923
45 12 5747
107 19 667
105 173 5617
166 198 9677
184 99 8768
92 133 245
12 79 3467
83 63 1053
103 142 7400
29 114 2782
139 126 2195
94 136 6862
179 131 3946
75 15 4041
17 133 8441
30 112 578
119 53 6919
152 75 7996
98 127 6145
150 137 1748
36 162 2310
64 146 6194
146 182 2195
93 24 3360
198 94 7600
155 131 9243
125 79 6922
198 95 8712
147 79 2882
151 12 1384
198 66 3831
160 37 1919
136 145 2656
77 99 578
18 4 1772
45 19 9792
134 98 1774
177 165 3058
11 118 755
133 70 6918
151 92 6663
141 81 6552
160 53 8007
82 50 6834
116 168 8040
5 59 8214
154 186 4024
27 187 3386
24 16 355
106 92 3108
175 18 6218
91 68 8359
36 18 5759
89 127 6093
8 46 7220
81 18 8037
3 18 8741
195 131 5758
197 194 9587
64 8 7429
45 143 2851
61 45 8748
70 55 9927
199 155 2092
118 154 2683
71 37 348
33 139 1138
144 133 8130
150 60 8818
7 55 4955
161 38 3950
91 92 9222
25 39 3187
13 122 5078
67 4 6502
26 122 3767
103 10 2364
119 178 848
145 104 3530
68 84 9579
43 80 3166
109 199 4977
73 197 5437
84 13 2394
101 103 5615
83 182 116
5 173 7848
58 91 9169
42 115 3929
92 77 8262
154 37 9767
119 143 5570
185 186 3434
3 41 3068
12 69 3817
114 15 5280
182 80 532
82 42 8795
38 58 7154
160 37 3398
161 147 1485
117 67 8272
76 133 107
37 136 4655
198 134 2206
37 160 356
68 159 4054
24 69 140
96 142 9881
35 38 5502
134 69 130
196 164 9256
67 174 4263
157 59 7434
41 34 362
5 101 7841
120 149 8205
159 55 8472
117 70 9334
42 46 9948
8 75 948
49 187 9263
49 101 705
148 167 7440
114 176 4841
63 144 9304
19 78 7786
74 189 8376
194 148 6013
73 199 8722
90 13 4115
92 177 2118
30 28 4970
9 79 9430
146 60 4410
192 92 4401
23 55 634
158 75 163
50 15 8764
138 164 4730
79 83 438
81 106 4604
99 11 7825
69 79 395
109 18 5765
64 72 4541
138 108 1059
41 71 6629
41 72 6563
110 105 2470
63 7 9983
163 192 8265
43 197 4256
75 65 7356
13 200 1768
109 200 4590
11 56 6704
57 123 7673
77 14 8787
74 125 9584
66 32 2554
70 140 3242
154 91 2329
189 133 77
133 122 2475
7 15 3550
60 175 3146
137 142 7800
167 200 2978
105 121 1083
191 20 7399
184 141 3944
109 78 5828
176 164 3083
179 81 5189
110 193 440
162 13 199
90 189 4169
108 98 2463
69 32 4118
75 42 8809
58 152 1798
137 60 5683
169 38 3958
194 31 7417
40 122 7736
191 91 1458
187 171 5919
61 118 5082
189 68 5576
14 78 1202
176 108 7339
142 35 1333
170 28 5714
8 87 4893
169 31 5528
122 169 1814
25 77 6439
135 182 4961
170 73 5804
5 33 8828
16 132 3867
38 5 6832
78 25 8299
138 121 2011
106 76 6025
13 123 6191
88 197 384
165 9 7660
112 169 5853
64 172 9194
25 90 5612
44 101 2777
82 78 4711
118 13 3548
174 38 2208
127 176 6660
121 113 1021
44 42 9098
129 24 243
141 189 3039
110 187 4263
65 10 583
101 84 113
32 150 5363
130 27 2850
194 8 4046
117 83 2648
62 72 5835
119 162 8223
77 129 6638
28 86 219
65 115 3768
139 70 6500
160 195 7207
60 64 3745
198 28 2653
146 170 9336
162 130 9808
185 107 1717
39 44 5042
26 162 3417
126 42 6290
101 167 5862
186 49 3252
46 194 8488
133 139 5628
4 57 9334
34 82 6609
46 30 713
43 110 8336
95 96 6140
147 93 6110
20 8 9814
95 91 9410
35 200 132
145 122 5363
94 192 8395
77 52 414
89 49 2460
24 95 9691
153 5 4345
157 121 6497
38 22 3639
51 93 4166
122 119 645
92 20 5676
27 80 988
127 7 8489
61 159 9895
112 45 6615
75 187 2054
199 96 1099
192 122 9086
183 93 3161
154 198 6884
167 196 6120
79 52 1513
110 173 6771
194 30 6152
107 4 9152
7 185 6574
180 94 4420
22 113 9898
192 20 3063
125 196 9029
95 136 2020
138 165 8579
120 54 8117
159 27 2859
195 61 2636
190 169 1492
144 199 3525
16 174 3042
168 117 9370
56 32 4352
75 15 7495
62 189 8813
2 82 432
193 3 7052
63 11 4816
141 137 7383
97 60 3635
38 166 6276
149 124 6439
123 176 1083
177 172 9567
23 40 5190
35 88 1703
179 84 4651
154 123 6255
33 109 9990
3 22 1682
109 75 283
159 178 3959
109 125 1163
27 196 1259
83 134 6037
113 145 3660
112 173 3279
125 2 8873
172 20 7413
91 34 5545
187 67 5489
95 175 537
74 110 3596
45 93 7226
27 124 8532
106 33 8426
110 34 975
115 125 1458
72 56 7103
165 191 3440
57 122 7671
133 87 7991
32 179 8541
121 25 3460
178 101 4464
70 175 4914
148 11 909
148 108 7649
140 99 6156
80 189 626
87 190 2545
57 16 7158
31 59 1664
157 162 8616
28 132 2321
36 44 5001
189 126 3172
125 46 5963
183 151 71
120 119 9072
149 91 4006
5 148 9795
32 104 8146
155 143 9175
113 76 9461
28 74 6848
190 51 7173
111 196 3423
58 53 7688
5 43 1602
144 56 6215
161 19 1419
57 98 6790
98 150 9536
147 106 3795
123 29 6292
109 175 4062
6 191 7012
153 65 7912
180 72 2516
178 48 2430
160 27 4699
166 146 6488
141 27 7436
77 153 6926
29 119 3927
19 44 1387
91 52 1521
195 117 2869
28 104 4991
190 43 2059
130 196 5592
42 17 1296
17 81 1228
78 167 7783
118 111 4336
13 160 6400
125 34 3724
137 68 4562
26 14 1750
162 110 1754
186 38 5312
103 1 5971
107 119 6912
117 39 807
146 154 2368
30 115 8709
20 42 102
12 32 2723
7 131 1684
95 57 8279
178 76 9234
75 179 2737
138 78 9738
101 136 1755
71 118 6293
120 125 3252
31 24 4517
179 7 9865
169 4 5315
30 9 6453
21 70 2378
133 10 8667
90 97 9123
76 165 4001
32 91 9427
43 144 1936
183 175 2771
164 26 6170
152 15 6398
4 159 4523
28 41 752
79 150 6436
186 21 9901
47 93 8931
124 156 4400
86 51 7319
4 162 8294
145 15 115
131 31 4618
80 143 881
75 163 3154
148 36 9338
142 97 9194
41 140 5171
111 189 9424
101 184 202
72 49 2880
23 32 4962
67 53 7425
115 188 5579
181 15 661
36 93 2408
88 91 3524
114 47 9608
86 65 8186
111 107 3561
145 96 9849
188 173 1839
88 144 1696
34 13 590
192 31 991
36 17 5587
157 84 312
28 198 3395
104 168 8007
155 112 1747
169 81 4755
117 104 3912
142 18 5477
124 134 7456
141 56 3384
189 8 5233
135 86 2850
176 138 8049
22 12 7731
92 182 6949
41 147 5532
75 142 814
13 181 6242
9 136 5650
190 67 9235
99 90 9079
166 30 488
198 22 1621
94 178 7084
13 24 5004
43 136 2428
88 6 6692
20 92 3264
26 183 8116
137 103 5112
81 71 8902
46 78 1115
28 50 233
24 50 8941
40 136 1847
7 161 6511
99 105 9816
78 125 4668
14 25 9015
191 172 7825
61 149 3620
162 177 3100
8 142 8265
144 145 2377
31 78 6434
131 40 8793
122 97 2135
144 61 2484
167 38 1084
176 28 1041
88 182 1098
132 3 883
140 125 6079
175 127 4727
141 87 3109
65 168 7020
74 101 4591
49 170 4386
22 64 6905
90 150 3142
58 69 8128
122 145 4349
70 155 6752
56 99 9071
149 193 1405
12 58 2966
154 51 1397
187 112 4504
62 14 8772
107 132 7905
36 50 8983
180 77 3013
119 160 134
8 132 293
194 125 6364
60 66 1935
200 6 5481
200 199 6155
190 76 7274
60 62 5428
134 106 103
92 149 7028
14 181 3454
13 169 9300
120 140 606
25 98 7858
171 105 1479
200 100 2100
50 38 3952
151 86 3068
131 155 1353
5 174 7997
20 175 7987
196 52 7837
81 54 7356
46 94 1483
145 171 1280
32 101 8996
163 22 6925
75 182 2320
131 23 6918
17 148 2579
113 91 7338
101 140 7153
195 199 8854
182 97 9297
90 172 3833
197 1 2166
92 138 1222
182 176 58
96 56 2111
188 76 3548
175 195 1040
48 185 9036
161 20 8587
124 38 9013
142 175 2019
67 176 1818
199 2 427
83 182 6916
44 68 3791
173 164 9963
143 126 5523
92 188 3108
8 14 2763
6 58 7946
123 162 4907
160 192 1360
176 65 433
173 194 1718
41 145 9759
7 138 889
90 173 958
159 47 3185
92 141 8960
138 25 166
26 155 7012
133 56 8754
57 147 672
155 175 7005
89 51 6202
20 67 6437
1 196 4407
56 121 2733
123 47 6152
45 31 2552
11 132 5042
142 25 1062
150 143 7758
197 136 3598
113 116 9281
178 102 2061
88 133 6172
20 181 8350
72 138 9143
160 57 8939
191 113 2410
176 11 2227
179 158 8156
30 31 1740
128 20 6384
89 33 444
191 68 2892
72 60 6451
67 150 9132
109 123 8715
117 159 8439
195 124 1938
139 195 3696
115 138 359
53 50 2193
44 114 5396
49 112 3875
98 17 2828
24 96 8369
57 140 9654
128 112 8606
2 135 9640
27 51 3156
156 146 9159
193 115 767
135 178 607
89 94 8090
46 52 8350
86 99 1864
11 32 9030
112 21 3045
24 124 9506
64 144 4831
58 5 7513
153 10 9599
81 30 1169
107 187 5245
190 26 4390
26 192 1235
140 180 2892
127 141 8208
91 99 2849
53 57 4113
105 102 6791
55 27 7770
158 25 7520
130 12 1570
28 116 1803
121 115 1896
137 144 6125
44 158 1958
45 111 4408
93 11 5006
82 109 6098
115 88 9615
162 25 9597
131 175 3225
166 35 4904
152 125 6206
73 111 4662
149 106 122
37 145 2398
41 102 8259
37 34 2131
123 194 2965
74 42 3541
102 101 6856
154 135 5432
150 96 115
22 69 851
28 164 9189
195 86 1276
151 83 7010
52 84 2259
28 61 6411
182 101 6380
79 20 9009
12 15 4481
74 18 5996
188 132 9960
126 82 3159
19 199 5840
160 196 5039
172 64 4082
199 181 4092
7 142 3958
59 7 5374
48 195 5764
176 85 2508
125 140 9245
51 74 6170
172 80 3225
12 138 4089
196 41 6738
53 81 1412
172 58 9921
74 139 967
153 176 6168
67 156 5443
53 44 4607
158 98 1888
28 80 1587
120 24 7667
88 40 2604
85 84 8384
24 91 1615
6 179 4353
60 10 1620
180 92 73
149 48 5769
194 98 7490
91 20 2438
120 198 3022
159 171 8594
189 53 8572
130 146 4663
76 94 8233
150 155 9761
131 191 5930
196 197 8957
64 193 1943
5 193 2640
198 41 3354
6 114 6806
183 64 2712
198 165 7085
90 62 9728
162 58 3552
46 51 6803
139 74 1512
176 62 9586
13 106 6321
26 90 2350
28 87 7129
140 197 348
187 154 8607
64 27 3352
22 6 3065
129 44 7196
129 184 454
45 17 3824
79 127 6998
91 28 7013
72 4 9191
190 153 6797
181 28 3490
82 48 2446
86 12 7957
46 165 6007
55 68 8675
140 130 3553
22 135 3273
93 195 8970
184 138 5314
113 107 4303
197 172 3933
94 93 9656
106 29 45
78 13 9369
165 83 1458
78 65 9286
174 112 2567
93 170 8278
189 168 6765
170 72 7420
30 42 4645
129 69 5154
61 117 2611
39 177 1351
22 5 8962
44 94 5931
75 174 1331
154 157 6552
4 145 1242
100 57 4484
179 77 522
32 154 6933
118 40 608
7 189 1731
64 94 8254
12 50 6277
178 33 2442
29 7 357
95 162 8374
182 44 246
174 184 7025
172 55 6472
139 22 5679
73 64 2264
176 130 7604
99 87 1310
151 3 903
114 165 7521
148 67 7381
66 41 6510
138 78 339
54 20 3178
35 186 2968
142 128 6948
100 103 746
139 140 3551
152 81 8793
64 51 4350
84 12 6377
19 71 2064
20 176 4116
29 24 9919
196 38 6320
78 9 5156
9 105 813
157 109 7133
1 72 2833
167 86 387
128 123 4408
54 135 4149
133 109 7542
84 155 697
173 33 9951
32 5 3701
103 137 1642
72 49 9737
152 147 8322
32 11 831
56 116 7485
35 23 1141
20 50 5920
72 138 1386
5 116 5251
142 127 5544
194 6 3729
83 20 5970
10 146 1683
74 38 3854
101 129 1262
28 131 4453
187 91 7002
41 87 8473
141 83 4917
22 65 7766
155 103 1415
89 159 9452
86 150 8647
51 167 5484
72 107 703
133 128 9713
128 121 7948
135 104 6226
138 80 6041
77 64 8613
159 95 5356
52 5 678
161 107 8496
116 121 6585
123 24 8645
134 193 5260
134 117 5958
48 128 5601
127 13 3722
86 76 5323
167 91 3949
91 136 6759
11 182 7456
25 187 2876
118 110 5951
174 47 3430
164 117 321
200 196 4624
65 90 8789
154 62 3233
193 2 8571
87 76 6089
145 152 3185
200 27 7900
126 23 448
177 131 1262
45 78 2535
96 64 7552
186 75 2822
136 20 490
62 51 7021
83 51 1754
51 130 3910
200 56 7596
26 22 4705
188 118 186
159 89 8959
107 82 1830
107 151 8961
97 63 5317
27 108 7106
140 138 9887
95 90 3698
124 167 4694
78 10 5973
190 180 1555
105 28 8502
197 7 9461
61 91 7340
32 152 8092
65 19 8680
162 58 3063
29 136 2065
50 9 7989
106 77 7243
69 133 3519
108 111 343
33 117 4192
65 144 5999
94 95 4879
114 62 3794
122 127 6143
151 140 6350
173 110 3465
112 15 7052
13 70 4137
73 179 7200
98 107 7062
111 55 5521
140 76 6358
160 174 7526
132 90 7474
104 88 5762
17 112 8806
89 25 434
149 29 7676
107 137 1972
15 94 4569
141 52 6522
82 127 6888
66 146 4096
38 140 7078
144 74 699
77 35 8959
37 35 6611
153 101 5463
171 20 1314
61 77 379
78 37 2349
34 88 6969
76 117 4819
27 174 6958
77 149 5796
178 120 4191
51 149 3124
29 171 4394
139 182 7585
76 52 7278
61 144 1953
116 92 2296
64 45 3631
121 6 3232
106 86 3527
24 23 3731
16 157 3009
179 77 3250
17 195 75
56 180 4828
104 155 6186
132 149 1576
89 102 1011
189 72 1670
155 16 7605
30 84 1623
104 20 1529
119 181 8937
17 68 1069
147 5 4744
69 60 3678
196 150 865
36 32 6772
44 48 249
144 195 6866
14 46 6239
76 2 4975
173 149 9437
47 128 3343
19 96 7877
82 67 501
69 6 313
112 95 8621
45 190 6667
14 65 7029
112 100 5127
85 119 5485
153 100 414
132 175 688
55 159 5013
145 86 3969
130 107 9422
113 51 2761
196 41 6005
189 10 8368
142 121 8350
144 133 2202
89 145 3533
191 88 3476
78 46 8950
145 4 7568
192 82 54
168 151 3549
120 15 3538
78 18 4475
154 163 5199
180 124 7454
159 125 5458
7 77 8417
2 111 2825
83 109 4142
175 93 4730
21 30 4394
73 109 6667
28 144 4022
43 191 1585
137 124 2292
138 15 7949
175 83 2535
193 121 6068
116 104 6063
141 164 3294
113 108 8547
11 83 8706
70 145 3231
14 128 5073
26 193 4385
126 195 4016
42 143 4767
117 2 6906
175 38 4155
188 160 9637
13 42 8954
22 67 3571
74 148 5778
139 137 2461
133 58 1138
41 75 315
128 47 3878
102 37 9271
62 38 8652
81 77 5076
160 117 6017
122 154 6681
37 24 784
199 111 2370
136 99 8651
64 49 5913
47 157 7915
5 6 1281
2 186 325
143 7 4612
193 72 1902
85 14 2926
25 180 7313
105 3 8457
184 53 5774
186 116 9674
6 50 1558
131 100 6732
63 184 3780
44 191 7133
56 47 8447
168 98 1606
150 166 8429
63 136 1214
173 156 6810
77 195 4242
79 1 6746
114 167 8462
68 84 7931
76 125 5071
154 142 4655
74 23 4556
13 191 6984
115 184 5426
65 184 7445
143 79 8208
173 25 4541
195 76 243
138 68 2362
131 169 8387
173 82 7368
12 44 190
185 165 4654
120 45 3299
169 62 2924
78 100 2274
141 104 6390
33 21 7090
51 189 4304
127 110 3651
161 143 8202
22 48 8566
136 34 510
114 5 8073
43 192 729
82 81 3464
16 141 9543
124 4 177
150 173 6786
150 15 1718
81 115 4012
23 118 2169
90 124 3610
166 29 1171
10 187 1252
18 30 6278
185 94 4955
185 178 213
82 193 5019
13 166 6832
145 82 5009
83 200 7780
56 133 9118
78 66 306
39 153 1742
5 199 2639
90 115 4418
161 52 4861
72 65 9605
154 137 5640
185 18 3165
58 56 4788
23 29 8400
129 109 8037
1 23 9754
35 119 9775
196 193 5212
151 159 3472
36 145 7911
106 31 8826
194 192 3130
108 20 245
189 165 1208
42 47 3301
182 104 1534
84 168 2217
15 58 3940
159 92 3700
117 195 17
14 50 1999
174 3 4069
108 97 927
124 86 6209
190 12 899
91 130 4905
103 137 737
16 139 4078
156 118 2289
3 153 9109
2 61 74
174 89 9725
37 18 4301
70 18 3375
18 27 4463
122 88 4022
191 127 3739
90 134 5618
65 170 9799
130 80 7688
143 96 7254
23 135 4557
126 153 8718
121 18 5253
189 43 8459
137 106 6442
120 12 3943
155 26 1012
119 188 4581
50 128 739
171 141 5653
133 88 6117
69 16 8188
80 67 6882
20 48 4860
136 65 4058
132 96 3223
73 9 6319
151 66 6917
19 62 4654
97 58 4628
26 149 7297
110 98 6609
30 5 1866
183 119 9508
75 6 6393
61 189 1920
146 181 9343
37 7 3643
32 54 838
109 129 7755
61 84 8545
46 114 1651
64 86 3248
84 28 4413
145 98 4519
90 142 3720
31 159 720
97 5 3731
171 126 862
186 142 27
157 88 8292
114 175 6114
78 174 1334
54 111 4017
54 197 7710
63 163 176
16 113 5297
120 11 7731
51 36 5460
70 141 8615
122 103 3481
72 88 4510
190 64 5359
63 20 8983
50 149 7481
128 112 658
55 160 6126
128 172 7715
58 99 9345
39 121 7061
52 63 1890
73 166 5729
128 200 8741
49 196 1215
186 124 369
191 84 6333
38 19 124
195 168 7566
199 153 7573
74 112 9556
18 162 2723
185 6 6321
26 101 3021
121 36 3563
125 53 6057
50 36 1439
47 52 6681
19 193 6072
118 121 4883
120 149 2447
54 84 3232
29 194 789
39 88 9399
187 173 7951
131 112 507
81 56 1699
156 197 3011
133 95 9264
38 47 8377
11 102 8418
192 42 9574
158 193 6663
114 108 5307
124 52 8395
58 100 627
151 37 2747
191 173 1176
18 63 1113
122 164 7971
24 88 4091
74 47 232
196 165 1530
103 46 3970
53 44 8055
178 38 9755
160 67 7920
83 28 5055
179 152 7621
75 71 3617
22 81 5044
147 82 5342
165 29 7740
4 144 7538
28 138 208
162 113 8551
19 104 8969
107 164 9541
139 86 514
52 142 9847
143 181 2799
54 162 9850
23 58 7518
69 74 252
56 168 5265
178 13 4739
120 141 3706
178 41 9484
170 4 6728
94 124 4629
133 59 849
140 117 4124
34 62 8113
159 169 2586
38 92 6275
19 35 635
189 81 4510
3 19 2352
95 116 4546
23 3 6519
159 130 6995
176 70 8696
186 139 2069
190 147 2132
78 3 8792
133 176 3610
124 92 6374
59 154 7994
159 90 2364
37 180 6526
157 103 9206
147 135 7525
157 96 4798
25 169 738
10 169 3253
144 129 3205
23 5 9043
69 58 5625
140 88 6813
176 30 7918
169 193 5557
120 86 3112
33 2 502
141 39 6440
112 11 7936
142 111 5289
96 118 2145
132 56 7454
129 28 6437
71 13 9290
79 96 6128
121 179 561
1 146 1193
104 10 797
87 143 9898
7 68 5012
107 63 629
39 77 6776
148 152 8889
194 84 6383
15 89 1078
57 169 3796
159 2 5293
64 200 2462
7 130 5501
86 117 3088
78 65 6409
57 161 2305
107 200 365
10 100 9725
1 30 2964
84 59 5867
68 4 8018
19 61 8290
197 4 6823
123 49 3750
27 5 5862
143 106 2295
194 2 7459
68 142 268
137 125 8652
22 170 5244
159 85 858
153 67 5629
94 120 7224
26 177 8337
43 37 7971
79 53 3022
164 90 66
172 157 3965
172 150 1720
24 134 4357
27 167 921
24 186 1833
170 183 1482
147 161 2560
22 42 2908
102 13 9796
162 52 3337
120 177 8494
146 82 7488
185 178 4432
173 30 3663
39 121 8707
76 78 8143
97 159 8081
137 167 3956
184 35 8374
65 14 9381
27 113 5955
37 48 1513
138 91 8532
158 68 5748
126 188 2339
135 134 4128
15 67 9884
112 149 5023
62 29 2082
128 14 8848
132 167 1522
42 130 6912
147 106 1384
124 183 8868
84 104 1455
124 107 436
177 71 141
133 14 2714
148 123 6189
128 185 3611
111 57 2095
86 177 2246
94 137 1998
110 129 6427
90 92 6097
186 136 5854
104 71 836
79 86 6477
185 151 1448
53 13 3934
171 133 6312
188 182 9660
161 92 414
192 17 3636
55 25 3558
126 113 7627
41 18 7200
56 64 5827
20 91 7117
109 199 6254
197 85 6674
77 177 5937
152 169 369
20 161 7790
116 124 1497
149 81 9019
54 146 8378
97 94 8007
116 16 9198
64 16 878
43 157 6468
127 45 9451
147 25 176
3 73 5646
66 137 4640
166 47 8015
166 130 4688
63 188 5762
119 133 5744
144 4 6235
60 42 9892
98 45 5620
165 183 1901
139 107 8028
97 75 6950
195 132 7522
146 127 146
91 181 3603
6 77 2708
24 180 4993
87 44 3792
127 184 3429
133 34 8352
162 63 8023
99 75 394
42 63 684
8 129 1328
125 199 4287
111 77 9256
34 62 1234
169 45 2158
59 132 2615
169 119 9254
115 200 5131
113 134 4327
168 58 867
4 74 3876
66 171 7578
99 53 3853
149 26 5610
196 131 9718
20 129 8969
56 161 9606
143 95 9157
180 26 1955
134 87 1875
179 39 9709
63 17 677
2 181 6841
197 39 9115
125 164 7246
33 139 5292
184 52 5589
70 8 1861
144 51 9053
40 190 3041
139 141 5165
189 98 3354
173 59 3534
190 14 6943
30 64 2024
80 61 4038
65 183 5916
39 138 628
109 17 6658
90 57 8651
153 6 2852
13 86 2372
116 19 7067
67 46 5758
180 124 920
67 91 806
24 161 4550
4 195 1479
79 141 1215
156 35 1396
50 93 4333
102 33 8883
200 143 6386
34 128 5981
90 76 6745
146 183 4228
86 14 3951
139 60 3940
192 134 4253
144 61 8653
189 72 2439
149 56 8768
130 152 6330
67 108 4408
165 33 7778
40 71 4635
139 43 6218
89 10 3890
34 21 9096
114 82 3510
96 156 1704
46 33 9436
164 12 2455
162 20 6418
83 188 9715
79 78 1530
198 111 4946
112 6 8230
50 96 3569
129 148 8773
80 109 7326
137 98 1918
54 49 2392
2 89 8331
119 51 245
46 177 6344
135 26 4820
108 94 1740
34 78 1957
20 111 8999
197 71 1063
127 65 2765
45 17 2144
91 36 498
191 66 2930
126 44 9911
64 51 7532
17 107 9636
86 110 8014
111 125 8486
22 160 3938
22 77 3083
72 175 8456
198 23 6493
89 173 561
152 77 4956
183 190 318
112 29 8494
194 46 6842
71 51 8571
114 55 5990
162 140 5956
28 186 5859
63 91 6501
121 124 1157
50 191 1548
144 171 9863
147 85 4712
115 122 2218
50 179 9957
152 1 8930
118 69 3223
129 192 1411
2 83 5830
31 126 760
10 154 665
82 118 5668
197 83 4886
180 2 7932
19 153 9593
39 122 6069
97 111 5299
93 70 4603
19 146 9637
159 162 6290
26 178 2638
128 26 1105
22 160 1409
131 55 7964
198 82 9899
193 170 1136
141 90 6004
56 70 6213
119 73 6339
193 146 6527
189 198 3848
2 8 4997
174 116 4228
52 104 2087
79 11 7644
189 9 1065
69 30 2494
112 9 421
184 69 2787
123 66 9025
162 83 6742
131 176 2989
152 91 9844
172 25 8176
81 119 5333
123 132 9747
101 58 426
199 22 8318
144 47 9320
77 193 4146
31 89 1411
36 142 9271
146 29 4367
169 12 9815
84 164 2196
36 193 7307
71 142 1168
98 129 6037
12 180 3985
173 198 5774
129 29 5843
17 111 81
19 36 5959
128 188 4343
71 15 9333
49 193 8261
4 27 2484
29 144 7299
19 159 5832
171 173 4031
146 63 5099
60 140 7858
149 194 7135
113 198 3377
63 22 6067
179 13 3926
200 170 9924
164 67 6416
7 180 599
189 18 7001
139 21 4309
32 16 9559
196 66 8694
87 1 422
135 21 8960
165 98 9556
122 180 1682
75 131 4861
69 24 7565
70 109 4376
162 104 3043
24 157 2913
79 39 8594
163 104 8185
74 76 9778
94 40 4380
83 8 8974
9 78 2465
33 30 8625
163 24 6695
102 190 3713
87 21 7262
68 163 6336
59 31 4213
149 151 4272
65 56 8258
142 83 9847
145 32 1079
124 59 4660
63 103 3987
34 25 7921
121 158 2823
161 113 7834
77 155 9371
153 38 1612
9 45 7391
8 100 4610
130 157 3287
161 85 8109
33 198 1697
63 119 6210
11 78 3289
66 54 6632
145 165 8351
129 39 4226
160 150 3223
64 101 8378
81 165 4850
60 136 4416
11 127 7996
198 187 2529
200 120 9526
5 76 3307
14 129 228
15 82 2017
136 49 90
1 50 7834
172 95 3059
165 130 4559
198 52 5810
4 178 8212
29 78 1437
173 88 9031
156 139 6326
165 60 6679
156 107 1452
47 116 1335
121 185 9619
45 136 3252
154 91 5823
128 153 1380
37 89 9671
117 198 607
115 122 1960
97 183 4466
72 70 7559
135 109 1522
86 87 7740
191 66 1278
11 153 6091
146 70 4121
16 101 6165
67 10 1638
43 64 1630
88 48 3013
87 122 2384
18 162 8318
27 116 5697
82 107 2251
169 145 3297
53 28 9019
160 33 6087
153 152 7460
52 130 9340
96 138 793
69 32 5448
196 13 6461
182 38 1564
180 36 9686
31 54 1984
79 60 2262
133 142 5663
39 63 5959
80 44 5328
72 90 1333
53 19 5830
1 17 4400
6 150 8425
73 2 5394
183 157 1607
62 192 1550
154 102 8918
75 18 7467
142 87 204
193 19 5248
124 129 9697
128 27 6608
51 191 9379
133 189 7111
172 175 1019
78 155 9157
72 88 9870
140 112 5723
73 53 2118
193 68 6549
118 90 8498
107 181 7335
36 189 540
128 188 1195
98 14 2042
178 46 9722
179 10 1160
36 101 8041
89 157 2020
70 183 1942
112 127 4170
190 173 8435
130 96 6657
200 142 3443
146 31 3718
16 101 4627
50 79 6232
118 9 7899
33 148 275
169 196 2101
87 5 6769
15 46 7149
51 146 5038
20 131 5690
192 51 201
171 76 9500
146 143 9831
112 127 4194
139 192 6316
166 168 9656
154 112 286
158 125 675
198 38 9239
11 58 5057
138 163 4352
121 113 4808
3 119 8016
107 169 2142
159 99 2150
69 60 6536
200 104 4950
9 90 759
50 31 6193
110 122 1040
98 155 3337
197 17 3644
72 181 1235
22 20 96
78 71 3197
60 84 7021
49 115 9715
76 111 4938
47 13 9197
188 175 1089
187 38 4284
178 181 2328
86 130 8677
10 198 6818
38 5 5564
36 82 3573
11 74 757
158 160 1645
55 188 8631
46 78 5345
39 81 4290
195 96 1733
136 156 1060
181 64 4096
99 146 4246
2 29 6126
76 135 9645
35 175 5545
200 82 2542
182 114 4100
54 143 6801
173 152 2537
95 84 9625
39 188 7732
161 78 9843
46 149 4319
128 68 2653
193 24 7776
47 5 1834
171 154 928
6 84 7932
13 116 7975
184 23 7600
59 79 9183
9 44 3340
166 122 2277
182 87 9780
123 47 4953
125 144 7237
104 117 7714
173 69 2824
50 75 8362
70 94 1388
14 62 6566
60 63 4966
170 24 2139
197 99 493
133 178 7758
111 127 4610
20 116 9082
110 165 6126
15 186 4216
100 2 1423
196 121 4266
18 107 3508
163 58 9305
126 59 6054
145 135 3344
29 177 3274
121 181 5865
60 144 2165
72 49 1718
2 158 7359
151 142 8915
161 146 4988
31 117 8811
181 24 7782
40 94 6008
91 151 575
12 15 607
22 133 7239
58 178 2107
150 98 9321
53 68 136
155 66 9627
174 172 7412
129 191 7701
103 105 514
124 174 5218
59 128 8703
70 113 3413
74 132 8537
110 94 350
1 62 3692
156 62 3902
153 111 5135
178 137 823
71 52 3727
78 191 9144
125 170 2922
142 82 4023
40 91 5743
187 155 1680
89 168 5429
177 147 8910
48 39 425
46 84 71
86 55 6268
73 46 6429
105 170 5709
117 22 9475
118 43 819
103 36 6332
114 176 1533
132 117 8299
2 162 206
55 113 3622
93 10 7171
42 181 7757
182 62 6119
51 108 8810
46 37 9098
9 50 1145
10 40 6605
47 65 2955
49 130 4162
192 40 6341
121 130 9410
164 25 8671
43 158 4734
170 146 4810
76 74 6827
23 78 7345
13 42 1480
30 141 7539
198 52 4929
40 66 4224
70 1 5417
23 91 9331
159 6 7268
6 23 6176
64 31 3060
195 139 7166
115 163 4597
168 150 2294
136 134 6826
62 70 4781
18 131 5657
196 146 3854
177 169 5573
71 114 5308
23 56 4875
194 44 5143
112 44 5807
184 193 5213
164 193 1688
55 87 6548
143 199 8682
88 56 8661
99 64 3443
165 67 8395
188 56 6728
10 2 4284
172 189 1185
103 148 9991
25 64 7250
101 109 5375
124 107 780
32 51 7975
3 92 8788
60 121 1919
114 168 5666
43 82 5407
101 76 1917
86 158 722
74 120 2997
18 57 9540
37 45 1489
197 54 1999
59 9 4427
89 85 3410
4 88 1369
176 109 7108
35 190 7261
122 174 2456
152 106 5407
99 86 8145
184 125 5930
89 47 8361
91 68 5429
68 78 4397
135 35 1923
175 192 2635
36 115 6973
143 185 30
31 101 6750
73 133 3337
51 23 9152
113 139 3747
197 151 2501
120 182 9394
150 9 1662
102 132 8983
63 159 9400
159 154 4561
137 1 7076
72 30 227
113 76 1276
95 110 9120
147 19 2704
195 129 1399
147 19 2630
187 19 8453
111 135 6582
70 108 2089
112 29 6418
18 86 9702
105 89 1363
129 190 1231
174 177 2522
9 2 2078
73 25 517
163 133 9477
122 40 1856
135 191 8473
134 27 4655
198 121 1708
17 145 1706
64 88 2059
143 191 4841
199 103 9256
135 165 8560
123 26 6168
57 72 4236
144 128 1759
75 153 6894
142 130 9498
14 199 8375
120 34 2030
54 193 1926
167 21 9073
162 118 9438
191 132 9270
97 65 5804
163 39 2572
102 7 9784
125 140 521
22 44 4874
129 111 9475
40 101 2495
99 163 6640
36 47 2204
13 200 5327
87 160 2434
78 133 7942
61 12 6595
40 8 1965
9 52 4772
33 163 2108
146 114 6228
45 114 7009
126 96 5021
49 3 4725
68 2 3880
27 46 7903
84 97 1814
193 29 1641
194 106 1563
15 189 4146
68 127 9886
110 182 8164
24 180 5344
169 152 2280
89 132 1834
74 119 8198
51 21 7082
45 64 4258
142 10 3086
147 85 8707
48 128 6146
74 69 1974
143 116 9815
83 104 7011
101 131 4341
20 98 1470
20 114 3203
175 141 3857
141 183 4853
139 157 6504
28 183 8966
74 78 5597
126 162 358
108 169 9974
14 44 2677
170 160 9132
148 46 9808
125 30 9677
79 61 9340
168 114 1061
102 161 8993
107 93 8953
33 161 1018
178 195 9204
173 181 7114
126 63 7333
1 52 801
82 90 2873
186 24 5312
145 53 117
102 191 665
135 165 1928
95 171 2474
117 95 5023
158 133 268
25 133 3752
187 77 167
133 96 2699
42 141 6617
63 118 5958
105 151 6792
193 54 3992
71 164 7251
66 10 9681
47 16 1984
61 180 1881
158 106 3857
41 101 4286
17 168 6809
33 10 4962
67 47 1173
128 67 3750
198 200 2617
130 165 9175
134 41 6021
176 166 3991
5 13 7501
154 25 7384
143 53 4049
78 22 3277
113 14 8056
119 182 2686
175 41 6150
142 90 8348
131 194 9518
30 102 9144
36 157 1690
24 93 6270
194 200 4666
135 137 9243
19 4 9903
157 193 4790
3 137 7499
31 43 4972
157 96 829
79 196 1196
162 89 6732
90 46 2163
90 78 610
130 170 1816
154 16 906
28 71 2043
21 161 477
68 50 8938
22 34 1322
88 30 6885
133 45 4629
35 13 8819
192 14 5586
19 128 35
77 158 5121
165 84 2920
13 193 4428
96 78 5008
2 129 9471
135 137 2020
180 146 2408
156 70 7125
129 176 2896
153 155 8180
12 46 5657
144 167 339
121 56 3945
191 69 9403
190 99 7157
172 15 174
67 12 7793
112 150 9822
21 111 3400
89 71 8205
71 26 7207
200 152 3975
75 145 7135
173 91 4173
32 114 6203
199 82 6596
197 44 9359
1 36 7982
93 4 4066
113 136 6615
171 49 1486
27 96 7282
41 194 3157
31 56 8581
147 36 3286
54 15 3347
145 56 3537
3 165 8026
22 140 391
199 46 4172
83 97 4470
77 110 3617
119 5 4612
121 86 7261
19 66 1994
51 38 7486
1 96 8531
64 115 8298
101 63 2725
82 147 5478
176 23 832
71 15 3482
97 179 4565
8 57 5252
12 108 7736
188 135 3850
160 154 7529
172 143 7092
4 89 8256
8 67 7081
66 122 6456
58 39 5449
7 143 9070
82 152 300
121 11 617
90 64 5833
162 185 6492
139 120 3625
149 35 2256
93 142 4111
160 186 5025
142 198 4120
152 140 4532
117 132 7282
31 99 8495
61 170 5481
163 108 8689
99 32 9877
86 69 809
56 120 932
15 66 5863
93 45 7467
58 60 9571
152 129 46
171 19 6747
199 79 4734
185 173 7441
76 97 1043
129 136 9220
88 154 8715
168 13 221
34 47 5890
77 174 7614
58 178 3507
143 130 7495
41 103 3518
51 46 5688
4 83 1738
105 142 8542
33 153 6173
48 173 3672
97 176 2025
134 2 7066
55 106 5882
5 155 7316
24 166 4142
123 134 4259
140 120 3812
137 102 9273
140 32 7145
71 156 2441
52 160 1119
6 190 2838
27 154 1886
70 164 2013
74 42 9232
98 121 112
41 112 3912
80 23 6836
144 90 7299
13 78 8685
13 39 1427
193 159 8345
42 126 5591
103 84 2043
177 41 3071
105 50 2666
90 61 5135
81 67 1897
92 59 5697
115 117 4343
98 180 3121
153 7 8634
1 104 1875
143 77 7656
200 96 5784
17 122 4583
143 54 7393
194 6 9750
187 145 2163
54 24 1676
153 134 1021
162 6 7615
169 139 9606
147 3 8280
158 142 106
189 57 5221
179 166 7638
22 47 7103
120 88 946
186 45 2990
13 111 3968
69 137 1566
130 138 5877
12 123 6561
113 152 3447
2 19 2372
126 75 1125
23 19 7763
124 172 341
79 155 9128
42 121 4519
200 199 7692
65 73 4745
1 102 3262
95 109 1978
69 125 6193
113 90 1891
41 68 7387
4 149 2850
18 183 8427
77 102 3194
35 105 603
114 97 8760
173 76 327
112 113 5575
128 139 1340
15 30 7575
18 100 1845
12 200 7209
46 72 7058
14 5 94
47 110 5547
43 112 5953
180 104 9956
43 162 4898
87 11 3233
197 86 3061
161 5 5084
105 119 5691
128 58 1684
63 69 5632
13 24 1833
70 113 9477
159 61 3238
175 5 4511
108 141 3406
116 8 1503
49 24 3146
115 64 9555
8 171 4898
136 41 8189
74 71 4603
42 54 9475
94 120 3760
12 150 808
120 94 2820
184 32 6137
173 137 4215
63 130 9770
63 193 2551
132 7 802
156 52 25
186 191 1508
149 76 8568
186 76 8976
108 32 2174
10 90 8970
101 138 4737
68 47 8090
8 49 8032
139 44 4388
46 72 4926
3 11 3961
50 175 9326
177 89 3230
2 145 9360
25 102 3867
191 78 4571
135 155 278
26 17 7772
112 67 3057
24 181 1679
154 62 9666
47 44 2411
98 10 3155
169 121 4387
93 83 9690
200 71 8602
73 68 2617
179 161 9766
149 199 7160
9 148 8681
126 50 8449
148 10 3820
20 178 2893
47 64 206
53 197 9486
123 51 2428
176 147 5293
15 158 1521
108 77 6453
151 103 8752
43 137 5071
151 132 5856
186 37 2208
32 200 839
26 170 1648
154 3 8890
28 131 1229
2 1 6933
96 198 48
38 1 8054
7 18 6062
159 57 3935
51 58 754
15 128 3228
156 66 3017
20 5 9313
164 16 7966
148 38 2504
189 116 5335
185 84 8410
41 107 7296
142 61 1980
99 193 8551
59 82 2188
61 30 632
166 75 1388
41 10 2074
155 112 4959
92 36 6441
86 49 6834
72 159 3462
79 120 5069
17 142 9149
45 30 362
3 179 9989
94 76 9349
138 139 2206
190 19 9845
114 92 4102
102 126 2202
72 105 2092
175 95 4840
129 125 4969
119 159 4003
10 55 8731
140 18 5884
152 102 3413
175 170 4203
121 93 8788
187 180 8446
147 65 2067
15 168 6561
132 40 4178
136 21 7054
33 132 7714
107 12 4056
115 41 4037
105 28 8290
16 123 2116
27 175 6741
174 157 1376
153 83 3075
69 38 4269
134 139 9173
157 4 5484
111 15 1212
150 45 9465
36 41 3079
15 68 9077
38 2 6128
114 49 84
129 110 6524
78 85 2810
28 163 6995
85 173 7090
160 151 2556
159 68 4239
149 115 3453
63 38 6903
171 34 546
189 3 9997
48 199 3021
91 137 7854
53 127 3565
109 29 14
166 35 2193
66 196 9876
50 161 4799
168 133 4964
16 75 5169
192 81 4140
84 192 3088
166 94 3617
192 90 6004
29 152 1419
86 72 586
8 170 9950
165 29 3479
99 68 8427
18 185 9661
43 37 6150
170 31 5003
76 59 7498
149 159 106
114 9 4922
182 37 7061
43 152 3225
136 2 1993
163 26 5501
75 41 7534
111 75 7712
79 13 8661
63 129 2232
24 81 2035
38 6 1223
20 120 2189
36 123 501
81 135 7541
62 79 6924
42 184 836
148 73 3605
172 137 9272
3 51 8306
116 188 6319
101 23 1372
12 152 1861
142 111 2831
158 96 6844
121 168 1474
184 58 4586
11 23 43
33 4 9207
174 86 2002
67 74 118
160 81 9285
178 43 6324
109 5 8733
99 198 6672
171 200 7103
1 47 7643
197 191 582
172 182 1200
26 52 1103
11 65 3493
183 39 9749
181 9 1266
194 119 3694
91 28 4610
113 80 1494
48 185 9304
43 63 8331
131 89 9236
29 141 5465
52 84 391
49 105 9959
117 82 2563
114 185 4322
68 20 2823
59 98 2937
71 26 2185
128 30 6936
151 14 6645
93 22 2921
192 32 4501
118 128 1400
56 108 8866
55 91 4023
94 50 4315
165 177 610
85 44 5795
109 197 8707
58 38 4416
165 189 7449
74 97 9634
176 1 9604
96 160 16
149 13 9348
70 80 5449
162 76 148
2 145 5418
36 38 6993
139 106 588
123 28 4288
43 61 4721
13 137 8975
64 118 8286
88 75 4538
110 50 7978
77 59 9794
16 14 6824
121 58 1417
151 30 3203
141 68 2305
122 175 3752
137 9 5830
23 135 5848
85 138 4873
57 140 4142
32 10 3518
187 50 2174
36 166 1609
123 145 7759
170 85 8997
19 39 6826
75 67 3349
28 26 8739
175 27 239
21 113 5944
97 44 8182
59 36 8601
35 6 4871
81 1 4903
38 188 23
154 153 1184
173 84 2315
180 74 4362
27 70 4167
8 158 5582
122 66 5691
8 172 2086
150 165 4076
32 126 9627
74 29 3519
168 76 3129
9 179 1884
89 39 5124
87 65 4608
135 64 4335
34 77 9891
118 82 6730
27 148 2701
152 101 9917
186 42 2818
94 133 4290
129 162 3429
61 195 6392
111 137 4557
107 10 4518
41 177 129
34 21 4364
44 139 2922
164 167 4641
142 75 3561
48 75 9416
70 51 4646
45 198 1236
114 9 5244
93 106 1807
64 171 3874
84 45 3109
70 37 5275
161 121 6647
190 96 2352
124 197 1933
132 101 7228
9 188 6043
11 82 2521
165 37 7432
112 197 8842
126 43 6426
45 199 1512
96 142 8646
169 19 3697
173 2 3816
77 135 4286
116 118 6078
186 43 1892
166 8 9066
82 48 3598
173 120 1176
149 43 9945
31 130 2925
197 2 720
66 120 8273
180 21 8617
32 72 3902
149 17 7536
189 97 1801
56 186 7139
175 36 6896
58 144 3663
13 57 5125
141 148 2473
43 16 4075
196 194 2863
149 106 8687
106 129 559
35 183 6809
99 193 5752
60 25 1908
115 157 1601
6 121 8746
46 58 7143
117 96 5395
56 190 6523
51 129 6527
167 149 7036
199 134 2147
78 144 2673
200 176 9201
155 7 394
156 43 4691
193 167 4181
26 113 1300
169 105 1572
152 129 2844
172 88 3064
62 151 8865
120 61 6001
27 30 4873
192 153 656
145 14 8483
46 198 8666
188 174 4917
95 189 5149
161 68 3368
29 111 9666
141 178 1969
154 113 2165
180 156 369
105 34 5408
148 48 4560
33 22 4687
192 190 8870
5 121 4927
113 120 5002
110 84 4120
51 139 9679
122 172 7630
148 31 3435
57 52 1203
99 172 522
14 160 2799
174 30 6580
91 68 3602
188 162 7930
25 91 9658
37 97 950
174 29 4481
119 133 9508
128 187 121
139 147 6748
89 85 3146
71 152 7954
171 63 7339
37 166 3952
135 103 9344
117 41 9090
65 138 1892
111 109 8211
198 96 9670
131 51 3414
57 174 2201
188 13 1447
74 98 5111
162 150 4052
40 140 4486
160 133 6534
81 131 7070
175 67 6725
128 14 1897
144 156 2667
31 109 6029
87 147 2088
157 16 567
159 1 3798
74 134 5912
17 23 830
33 32 3493
89 18 4491
85 152 6889
42 71 1293
135 188 4190
89 136 4513
127 183 8844
128 54 3983
129 106 4593
125 127 8501
147 55 3154
114 18 5651
188 144 7793
54 193 5446
151 86 6961
125 102 5737
185 164 7573
51 65 3945
71 76 7008
47 42 5096
52 106 7480
117 26 3173
97 145 5532
101 143 3929
14 195 5497
99 24 4790
81 173 4216
150 198 6091
157 42 9770
54 76 7227
101 71 5463
7 128 3744
129 63 3699
147 51 3498
160 25 5394
104 5 7548
87 47 7630
37 53 8793
1 96 7191
19 136 4267
151 96 5003
19 184 9157
99 94 3685
58 23 394
112 151 9803
68 84 4733
4 106 323
192 198 186
57 4 7478
128 87 1189
40 165 4585
69 18 7954
168 58 4391
49 152 1877
102 196 627
21 112 4444
45 58 4061
100 150 2890
119 131 6819
119 62 3701
85 159 9434
3 176 803
12 174 1293
192 166 3968
113 161 6214
51 20 6019
159 144 9659
39 112 5410
151 164 7195
88 75 5651
199 47 2121
161 23 7413
110 96 7081
175 129 2510
175 59 9400
165 49 6359
172 17 3537
104 88 6277
61 44 9598
6 177 8441
1 134 1739
36 116 1211
6 131 8306
190 47 9811
148 180 4658
27 110 5048
38 118 7282
87 197 7869
179 187 4949
27 59 2665
178 191 142
10 161 4294
125 126 5974
6 84 7356
56 124 1212
155 120 8639
2 29 1917
130 102 5478
3 166 6484
105 79 4558
191 116 2372
81 1 3823
194 4 1124
88 10 6589
93 90 2891
65 107 5314
96 199 5708
129 7 7562
128 125 611
11 28 4592
115 109 1889
14 89 5047
170 131 4676
70 58 2892
31 16 4267
153 184 4042
8 41 2346
179 172 4926
107 62 6553
156 174 7356
10 118 7569
96 9 4626
168 90 8074
160 145 7084
21 71 2879
24 72 1384
103 127 2499
24 190 2475
99 155 2153
31 15 8228
187 2 6414
133 26 2192
119 29 5386
120 103 6541
193 63 1783
42 25 5123
131 159 9617
17 13 4160
12 200 7295
104 49 4836
93 3 8338
44 128 9884
173 44 4204
57 166 1939
115 34 3090
46 47 4454
61 3 1925
62 125 3111
164 104 4189
65 115 4981
76 93 9592
27 131 4266
145 172 3810
20 71 7237
123 50 9621
88 62 9753
38 186 2036
31 61 4086
187 49 6866
184 8 1798
172 27 440
122 25 6875
63 124 5368
180 129 1576
200 97 8492
78 38 7262
164 56 771
71 44 5176
131 126 6748
24 135 6872
126 112 1395
129 71 500
81 180 220
107 165 4972
67 65 9247
102 6 13
196 172 5076
172 22 6475
127 36 3727
158 47 6874
185 49 6141
30 161 2991
113 1 8719
44 45 3637
152 68 311
53 45 5282
51 145 1249
98 54 3212
79 80 580
197 49 966
172 105 3034
82 135 1072
149 21 8124
99 68 1357
175 172 5842
180 45 7143
33 119 3978
49 61 32
43 24 1142
45 36 3595
114 127 9835
5 105 923
83 174 3575
124 66 2874
94 135 9987
80 178 2765
93 68 7675
21 51 6486
30 103 5802
184 188 2778
134 92 9321
15 124 1380
174 156 2169
152 160 475
98 196 431
144 186 5951
128 142 2544
69 195 186
38 54 8574
134 67 2373
16 192 6754
130 142 9385
88 192 8250
14 74 7687
55 90 1429
123 118 5978
163 43 1804
127 181 6811
178 112 196
19 156 5541
119 54 450
78 88 5372
10 154 4526
192 132 2184
60 50 3900
81 89 2134
99 132 4727
139 23 5073
140 45 4895
142 52 9548
144 157 4868
123 10 5828
32 154 6308
163 54 7492
116 162 3569
89 79 3385
152 117 8743
78 116 3480
192 122 7213
60 90 380
46 106 3338
189 100 8405
121 146 6683
124 91 445
9 5 2306
84 105 637
81 193 9249
17 88 4652
88 31 7316
121 190 6523
131 106 9475
35 101 7862
106 150 2393
48 139 1826
87 102 1129
142 167 8346
181 177 505
100 73 9793
115 182 853
116 78 599
53 59 5329
105 121 9034
125 99 8324
17 55 4879
182 126 2402
101 50 3713
130 54 1305
135 81 2506
197 127 5790
171 62 8784
185 31 8216
105 48 5522
131 119 8974
113 18 7443
126 129 8829
65 28 6870
127 178 3885
108 65 3771
178 122 8773
28 17 8985
35 26 3724
177 184 7709
80 181 9010
10 166 3378
61 122 1294
12 161 8194
15 113 8697
25 88 604
61 149 6635
108 1 5159
52 154 7285
178 191 8822
11 159 7807
26 100 3164
151 182 2963
120 181 1538
200 129 1210
31 183 3495
188 79 7638
30 36 312
170 8 3792
13 139 2064
106 53 3027
40 103 5810
195 188 8393
51 110 5077
13 43 8708
103 54 6287
73 43 1584
52 139 5589
157 127 2039
103 196 3842
45 37 1781
54 87 4135
55 52 8446
10 106 1123
45 127 8445
45 60 6274
193 97 5615
197 28 331
36 91 607
55 129 117
32 42 3123
56 185 601
112 84 8903
72 70 3983
44 189 2345
64 37 2290
81 148 1493
166 121 2405
152 84 2802
142 137 2682
86 56 797
196 142 4337
69 47 7700
39 120 4862
97 185 9846
145 88 6687
174 9 218
157 113 8637
72 163 8429
103 156 8416
19 32 7568
187 185 5848
109 96 3329
143 189 6585
184 199 8841
186 56 9031
60 68 3767
98 143 8291
13 46 6235
176 138 9541
50 112 5829
47 30 8395
158 182 8912
62 182 4177
162 41 9913
146 189 8865
67 88 4837
95 72 8829
64 128 5010
41 138 6555
111 53 8588
166 56 6657
168 105 1107
79 71 6177
114 21 1291
87 18 4871
102 143 4838
179 145 577
113 19 1309
59 111 9374
86 164 2868
96 170 3387
19 5 255
14 17 2842
114 148 367
196 161 7571
28 143 7314
178 129 9408
186 113 3627
123 23 9460
52 94 349
84 58 7020
189 22 142
27 82 361
86 199 506
76 52 9773
139 150 1158
144 107 3396
52 183 4311
111 124 3829
181 43 7585
56 17 266
104 171 5060
111 82 6412
193 107 7492
166 158 4291
90 120 745
135 88 1772
104 36 4967
89 80 9052
126 138 4991
17 15 3364
138 70 3382
180 103 6822
125 111 308
154 99 6728
87 159 9392
157 163 9638
146 34 7690
91 67 3021
13 102 3225
48 77 3893
45 67 9606
104 148 8559
55 43 5065
92 91 7168
121 164 1219
123 126 2925
146 83 7644
43 191 8536
7 99 2031
119 91 1753
72 7 4627
84 135 7073
99 37 5771
111 53 1755
199 20 5072
154 140 5732
156 111 3165
119 31 3037
185 186 3371
12 53 2303
182 37 8143
48 105 9023
44 63 6722
44 19 2433
114 69 7023
38 47 8306
41 131 8626
147 116 9953
138 162 3439
196 96 8718
15 84 7041
50 42 7495
8 12 1909
84 65 9983
71 138 2838
89 52 127
102 141 1370
41 185 6625
23 1 5037
193 106 1563
197 51 5389
168 140 9050
122 52 2710
171 144 4232
75 159 9104
195 79 5900
134 53 8913
192 181 9664
18 23 6664
1 155 5728
185 130 4890
96 10 7200
20 77 5487
93 149 7428
49 200 321
108 93 6256
31 153 1747
109 73 5474
96 167 357
83 180 4253
6 139 3045
191 172 9447
34 116 4840
101 32 8389
145 194 9753
144 66 149
200 182 5921
26 126 8413
146 40 8568
55 50 2499
183 193 4076
26 159 5740
120 18 3536
88 110 4074
176 20 359
60 95 5392
45 90 5873
107 158 4903
96 109 2101
74 175 6598
65 31 5344
13 132 4750
159 18 4574
153 149 1460
71 146 3670
36 112 3507
19 184 1946
132 49 1825
189 49 4368
77 27 2305
148 62 2475
96 136 313
47 141 5198
104 134 9989
168 57 2770
199 130 1468
163 118 8630
113 90 882
183 55 9623
150 142 3262
43 44 7536
62 167 4829
149 174 9684
137 139 9239
200 13 2617
38 79 1856
173 37 4600
93 102 2
4 84 4947
86 50 5737
138 55 2310
75 33 4463
93 94 2497
187 26 8057
62 181 1733
113 137 3331
199 133 3917
13 167 3272
5 99 6368
66 173 2724
72 79 9525
88 2 9182
73 152 7141
99 27 3440
60 38 1719
164 68 3226
62 40 7321
182 68 8886
120 63 1563
140 126 6460
69 107 7856
41 149 8234
73 102 439
41 168 6765
60 38 9383
6 79 5907
133 174 7930
181 140 2100
58 103 9756
171 38 2142
63 91 132
114 56 1261
155 82 8073
84 66 6157
2 162 7300
21 19 7253
74 8 807
180 83 3019
126 165 9608
162 19 8312
151 105 4806
57 10 9799
107 162 5781
150 121 4702
155 180 8957
191 98 3581
52 57 6194
78 68 1813
193 99 8308
55 34 2762
15 200 5690
86 14 9677
106 126 3434
21 135 7603
30 111 2749
173 99 9626
88 71 9778
28 137 4270
62 124 896
14 134 1031
156 53 4096
182 92 8198
17 94 7481
31 126 5551
154 99 3294
118 119 9513
134 60 7974
123 3 9508
65 136 6635
129 6 8571
101 37 7350
122 172 1723
151 23 2297
30 90 482
126 71 1053
29 27 4348
177 47 8812
139 61 5738
137 139 642
53 133 8116
173 162 5696
186 168 625
45 173 2145
195 93 3604
26 64 3426
14 119 8713
76 119 5980
47 15 7585
4 163 3731
112 186 8123
155 141 324
52 119 8500
187 90 891
14 117 7073
125 168 5667
32 50 9834
195 96 5522
57 102 1065
167 117 9923
6 2 3748
3 52 1142
109 147 7303
155 13 7446
5 132 8342
168 97 7130
195 147 4930
7 93 9838
97 27 3593
137 46 3634
88 75 2195
148 61 9860
15 109 8987
155 189 2570
37 49 8635
10 155 2916
148 26 7420
149 22 4271
174 194 9644
177 80 4652
21 122 4896
130 51 8035
53 101 9453
135 167 7027
77 134 6050
148 99 4540
87 31 3737
119 67 6766
148 140 7213
110 121 9075
156 128 4526
142 119 4442
189 14 1747
7 101 6471
97 115 7456
199 30 9768
109 138 6233
76 8 3929
32 48 9301
62 131 26
97 193 2007
52 1 271
132 51 4265
30 40 8937
119 186 6378
11 141 4611
128 60 8986
53 145 6704
65 38 9427
106 128 9987
7 158 9499
124 168 9504
87 155 5896
75 103 6417
35 195 2707
186 17 5292
188 44 9648
96 25 3763
120 68 6092
104 181 4092
70 101 8873
147 143 6035
191 36 3831
52 105 972
16 57 1860
197 177 1838
78 60 8933
129 190 3724
98 70 8021
161 2 9926
53 102 605
3 97 4320
181 86 2901
160 57 1457
105 149 8763
85 83 9215
114 118 2594
125 96 6218
139 137 7229
101 144 8342
178 96 476
65 191 6125
168 189 8038
125 153 2565
101 11 7655
86 80 6030
200 98 5565
146 123 3279
62 191 2462
53 42 4929
145 76 812
95 104 2812
123 84 8797
114 25 5185
3 162 804
80 116 3512
87 194 4852
69 10 4043
179 120 1734
41 199 6674
154 25 9816
25 169 4209
43 175 8393
167 120 9792
78 112 9491
103 181 8570
166 177 649
19 78 6040
193 112 7826
98 16 4831
143 176 2596
93 190 1879
176 32 9812
18 98 4750
33 134 9085
196 186 9485
24 192 47
75 101 5064
118 84 4235
153 62 7164
61 57 1469
157 64 3109
130 117 6489
12 27 2654
13 9 9929
132 63 493
47 162 2149
195 190 8734
59 18 7316
184 79 4062
9 110 1235
64 73 9659
183 193 5124
196 60 5083
49 82 5402
153 14 5563
75 161 2258
128 181 4345
172 120 3028
39 193 9940
93 152 7770
177 12 1010
43 193 8128
74 13 1138
26 87 5709
14 97 1668
99 89 8817
34 163 2102
191 180 4800
195 70 9921
28 104 3886
86 9 2404
175 121 7195
176 171 9887
132 9 1745
87 111 4066
155 36 7005
40 145 8855
147 85 5227
155 169 7870
3 119 1973
13 64 1208
198 63 13
124 170 5382
136 72 8297
16 139 6979
111 167 6526
129 181 5055
116 177 9953
60 129 4750
194 81 5386
2 4 401
13 62 2874
114 197 6228
23 109 8335
86 68 6648
80 124 9861
116 29 641
12 103 2752
190 165 8771
106 54 7128
117 76 9800
114 54 7892
33 196 7062
7 24 3786
4 177 4303
181 103 3350
80 130 6777
69 142 8761
151 199 2544
7 90 7557
66 5 2312
47 3 2646
4 110 3064
60 129 931
191 84 5955
181 109 69
95 79 3545
189 30 4439
79 53 9086
73 102 3936
97 154 3210
183 92 829
114 48 5441
66 35 6947
142 177 7204
107 67 1795
64 43 2295
82 31 9791
156 84 2756
126 135 652
200 175 577
97 14 6809
193 93 2734
137 175 1423
139 15 1874
10 36 2585
43 156 5990
152 8 8919
168 78 6770
163 102 9742
183 26 8455
60 161 3731
39 72 4989
72 173 983
117 32 5358
186 110 1221
1 126 5155
143 105 4042
24 191 1294
108 136 5989
188 44 5800
154 26 9311
17 87 6828
22 178 3500
65 12 147
82 150 8484
163 170 2642
192 171 1324
24 67 3953
25 112 5496
166 120 9262
56 81 805
105 57 274
21 77 3778
7 43 6977
15 82 6847
186 171 1320
122 63 3337
44 179 9267
2 106 5285
174 26 6541
182 188 8683
162 25 556
33 34 7685
10 76 4524
21 174 5465
177 38 75
193 142 2419
176 112 181
12 34 4471
188 51 2801
147 44 7302
23 108 5947
200 92 2975
147 40 9972
4 153 9080
6 168 5048
87 23 2301
59 39 2910
69 198 2472
158 195 9093
19 47 1666
123 176 4893
83 37 457
64 179 6180
149 90 3347
199 78 1571
134 79 6754
200 15 793
62 136 2857
55 126 7606
12 167 7422
130 87 9307
13 72 3904
55 165 2096
46 14 9548
92 24 2965
61 173 3275
78 192 1933
143 15 6478
86 194 2233
86 34 3948
65 51 6274
26 74 8124
168 108 6665
2 140 3679
48 197 8738
67 107 7248
82 21 7118
96 167 7838
117 105 5833
34 123 9193
67 11 5476
59 109 6476
42 69 7187
142 188 2106
156 70 234
49 53 732
114 172 6660
6 62 3450
101 67 5460
166 119 4345
189 22 2560
175 118 7508
93 67 9258
152 147 2062
14 36 4529
91 36 9607
84 52 4473
171 97 6349
142 95 342
174 179 6005
18 109 7695
45 17 6922
25 104 1777
25 187 5462
23 180 7889
64 114 7247
86 39 9255
18 72 4756
100 10 2423
5 141 4376
82 118 7313
96 66 7038
86 99 6172
70 49 2598
155 197 943
81 76 7719
184 112 9873
1 182 2126
111 199 5810
61 8 4934
7 199 7257
186 173 9273
100 193 7663
178 160 3094
126 80 1564
191 100 2547
64 32 5377
25 4 4150
18 184 2790
116 133 2063
17 137 8326
109 17 4648
45 112 9463
55 45 8496
139 17 9214
185 77 820
61 101 467
67 167 4319
119 85 8561
25 134 5492
59 119 6930
159 65 5945
144 72 1401
189 123 4359
167 115 4223
173 99 352
143 26 5394
52 95 1680
9 140 1499
94 22 4632
110 94 4447
77 75 4582
64 180 4120
179 41 1849
118 1 1637
37 187 1204
85 29 2304
3 67 6673
59 192 7103
22 142 5417
94 77 8494
26 70 3169
141 104 9563
101 9 7783
117 131 338
22 64 1486
120 46 9722
145 146 6678
72 93 4208
114 130 9023
66 7 5618
48 183 928
170 60 9407
157 163 1076
97 94 4126
83 150 7780
198 4 1820
153 68 5051
148 12 874
167 77 5766
1 151 4502
135 59 6394
8 17 1673
117 122 1147
23 65 626
80 139 1530
179 45 5249
193 137 8383
2 147 8343
115 144 5528
186 172 1948
4 83 8001
40 170 49
180 150 1508
116 148 1735
36 115 9875
108 47 1455
33 97 2884
22 7 1252
185 89 6429
187 38 3543
77 107 112
160 29 5578
8 50 6841
190 129 6895
23 19 774
12 97 4001
178 4 5526
100 173 8227
129 115 2294
156 65 6617
115 4 6248
127 122 4213
108 175 6212
59 184 1219
181 10 5300
36 54 7350
121 179 7115
41 94 1060
45 105 2470
117 168 2991
63 188 2118
170 117 1303
67 114 5837
113 151 1357
26 195 9895
93 27 2361
52 192 6363
1 122 6494
200 8 3363
135 53 6636
17 107 2360
115 135 6584
164 91 641
39 24 4567
48 87 5582
73 55 737
69 194 1808
122 96 9699
32 124 2460
8 39 4133
14 200 6705
30 171 5662
143 70 2326
123 174 2725
37 34 3047
185 188 3882
14 164 3025
111 91 1700
30 74 1084
130 147 9644
193 155 8313
127 190 5882
168 14 365
60 25 992
89 187 7101
104 108 1076
196 176 7594
136 143 561
180 167 8063
124 110 8288
19 141 6521
146 167 499
90 23 3463
42 81 7827
88 120 6787
25 167 6923
64 38 5503
161 53 5205
16 87 851
177 74 7155
127 38 7814
154 88 7729
198 91 6460
187 81 8186
131 138 2912
197 122 6504
3 50 7650
169 148 9744
22 97 6066
105 41 2556
152 15 1853
21 76 3563
189 152 9096
167 84 8632
20 158 3404
113 34 8823
56 62 8497
118 34 7637
115 50 2702
6 63 5872
68 112 3184
142 178 8820
195 113 6680
31 117 7304
123 140 266
182 83 2489
183 60 788
37 42 725
72 80 3549
105 20 7179
102 42 5422
43 154 514
150 123 5253
19 34 519
11 85 6184
98 195 6347
64 200 2486
190 183 2924
5 193 8981
84 40 3315
79 32 2984
185 95 5183
166 170 2847
34 33 5281
106 79 676
46 99 6215
45 116 3267
200 40 1692
151 180 154
177 48 5040
86 107 1714
142 19 1188
13 19 7004
62 31 922
79 179 2720
47 71 6139
100 173 5346
25 45 4312
131 31 9638
132 177 8357
57 52 6438
198 2 7284
145 44 8610
8 157 5518
133 26 3384
161 84 3527
60 68 1540
51 41 3907
44 161 153
197 163 9332
83 142 1376
145 65 150
193 34 2882
47 149 5068
16 99 2737
114 170 124
38 16 2460
90 105 3833
58 113 5667
161 73 1680
71 60 4055
43 142 4613
101 138 5558
136 140 1327
38 113 9621
180 124 2930
63 19 9151
169 198 652
69 199 6526
187 95 7442
60 39 3624
140 29 5068
10 154 6460
130 25 4350
169 131 5165
182 5 4681
52 35 9455
22 118 1026
122 146 3312
158 180 1137
81 60 3160
122 136 525
45 81 1028
72 181 4694
194 21 1616
156 35 6595
110 27 6515
35 168 2254
43 115 4960
189 80 8349
124 140 6474
181 39 6690
94 62 1208
155 84 165
177 143 9850
156 65 8177
63 161 5498
160 41 9436
52 41 7431
197 112 9052
167 180 9774
66 41 1975
192 94 6218
103 37 9721
179 75 3854
108 40 4283
108 193 1761
119 112 7522
188 46 7354
17 41 3095
139 119 3452
3 51 7333
183 145 9539
110 181 4729
100 155 2336
97 142 1557
196 43 2562
119 162 5061
1 72 9398
55 106 9830
1 153 3120
46 47 5027
58 5 6682
115 9 7106
6 90 4669
33 19 8623
113 34 9918
3 178 3976
56 11 5356
187 182 8713
197 30 1255
75 119 1401
161 3 1411
200 140 5077
73 107 6013
156 153 3100
116 102 3741
132 191 9563
36 38 3213
105 121 5225
164 187 7353
27 4 6646
89 57 1177
27 78 6352
108 80 2955
183 130 2022
167 83 9732
196 156 658
94 107 8312
104 41 3152
160 148 7192
62 112 788
150 49 9149
109 119 4315
164 60 1282
83 159 3408
190 169 5447
190 82 8451
100 84 3395
108 127 3382
90 111 1145
196 139 5608
170 89 9503
180 19 7605
51 60 8219
156 151 2942
102 150 10000
52 153 1237
134 99 1896
130 175 4396
120 128 7202
39 197 2031
68 115 4845
170 143 879
179 106 2838
197 125 9441
130 161 3327
103 48 6167
118 145 2081
18 189 1261
16 157 2115
191 24 5286
51 111 8763
150 155 5608
124 147 7990
187 150 3174
42 2 515
93 18 2397
142 18 3765
113 81 9906
85 196 9192
79 57 9514
52 198 1827
43 193 6505
83 186 8192
47 162 7728
37 199 8280
15 146 9153
63 31 4883
61 78 3029
64 154 9599
159 22 3776
72 177 3886
182 62 7491
13 45 7525
48 90 131
1 41 6579
129 161 4920
56 165 5199
54 86 1961
129 125 8341
18 171 5046
83 50 146
12 63 5030
138 127 9919
25 122 2483
26 15 2731
38 35 7836
182 108 5778
169 192 7143
101 191 2410
121 50 2673
58 117 8292
142 44 3974
191 193 7080
183 149 5648
114 57 6100
14 96 6424
5 161 8615
6 14 333
111 54 5841
135 146 2930
75 186 9706
198 62 4573
56 59 4896
35 93 7069
73 9 8661
53 41 1516
94 112 9015
33 53 678
91 75 5538
68 110 3209
88 82 2292
149 94 3965
153 38 5424
47 113 8214
6 66 998
133 148 4472
182 36 4608
102 34 1355
120 85 8368
108 41 496
162 53 6937
88 77 1570
198 11 6491
169 60 1168
2 44 7764
157 131 7306
63 122 4595
14 103 3387
21 95 1422
145 166 2150
29 122 7959
108 47 373
87 81 3275
143 87 2846
181 56 4236
36 141 6310
16 146 3839
41 129 6171
186 198 4808
77 49 3325
19 148 6853
154 100 5309
168 167 521
3 20 2584
66 197 5146
14 109 4502
163 126 5853
52 35 3903
199 162 8193
175 44 1758
112 78 2505
187 25 5945
18 8 286
176 19 8463
1 177 8069
127 171 1283
167 170 7645
139 155 2504
51 115 8477
43 124 5518
143 1 1787
165 48 2028
73 38 4832
141 169 9999
69 117 4410
95 65 9043
113 14 8162
137 140 9919
193 175 3472
181 27 6934
35 4 9451
70 163 2795
46 176 2950
81 22 8837
39 13 5943
197 104 7380
5 81 9658
199 92 6706
111 18 9207
7 56 6526
98 107 8911
127 167 8917
31 175 5453
102 95 9474
156 159 9562
192 178 7240
178 71 2769
49 192 4574
23 133 5430
82 45 1354
5 77 4561
51 39 5649
188 110 1775
34 140 703
12 114 5882
43 41 930
149 141 9416
8 150 5724
138 123 2034
171 129 9337
116 32 1815
50 48 7805
123 82 3744
170 139 5874
163 81 1445
144 185 4081
61 194 7056
60 130 351
195 137 9121
191 125 6682
160 6 5490
71 20 9621
127 74 4316
168 133 6128
28 41 3562
126 170 5148
112 194 1708
185 4 3022
57 109 3072
48 19 5857
145 12 6140
137 65 2993
46 134 4911
192 137 9029
2 193 8888
78 154 9133
60 118 6599
117 200 8221
136 1 7396
105 197 6170
178 169 5709
177 156 9555
121 181 7748
6 175 7473
90 96 9832
59 41 1009
34 87 5586
175 159 8402
40 160 8804
143 43 8811
26 77 5613
39 1 6943
72 18 9552
59 6 5716
63 60 1479
25 69 432
151 75 258
34 101 6245
46 73 6597
1 40 4351
62 67 5760
155 117 5580
61 16 6592
40 136 4140
28 64 2695
153 168 6857
67 127 7080
187 42 824
163 83 2566
51 189 929
108 194 126
154 166 3755
121 103 3666
171 181 5788
136 14 2951
115 72 5281
118 87 8513
168 38 6617
27 136 8526
22 46 2087
18 30 7857
22 58 5575
29 134 304
104 119 4816
78 119 4129
99 190 5484
9 90 4992
75 80 2420
64 61 1892
58 61 7904
31 53 4003
138 166 7981
82 186 8787
27 197 9248
148 80 5395
112 97 347
121 131 7274
110 118 4573
174 186 1086
88 61 3087
112 103 7640
101 145 8892
195 62 3126
196 50 882
189 181 3873
161 5 5735
66 140 769
112 139 5389
25 150 9421
82 177 6681
183 38 3512
6 17 7840
82 181 2873
26 23 9715
145 179 9802
81 166 301
186 76 8467
128 117 3403
29 173 4072
108 20 9948
112 128 10000
87 100 570
18 189 1032
179 118 6983
188 129 4472
198 123 9196
172 27 9364
167 188 7198
92 157 934
8 155 3121
148 129 1083
173 42 9426
148 132 4571
148 162 5568
108 23 8173
53 112 7340
88 188 3578
100 35 8945
38 190 1873
197 73 8277
50 5 8443
199 82 1569
20 112 3696
149 61 605
56 76 4987
193 122 2288
103 68 3321
19 177 7767
117 193 1784
49 153 6499
139 84 2173
118 147 5561
149 178 5591
200 17 1140
87 1 9091
189 1 62
36 160 5231
110 191 1120
103 188 9060
47 10 4965
102 104 7502
22 101 4422
44 12 5581
115 33 8034
30 50 5265
23 162 8909
184 92 7202
159 24 1066
89 115 3518
155 151 9724
140 44 4199
147 152 5962
161 148 876
121 97 545
196 166 3143
125 12 2271
69 162 2727
45 12 5133
128 121 5775
124 45 2684
6 143 3327
30 188 2836
68 88 5809
176 165 4345
90 165 200
77 124 2831
174 1 7236
143 166 225
82 144 3449
114 169 9740
124 152 6577
136 58 7345
126 195 5615
128 102 427
149 147 2870
200 131 2414
134 135 8073
102 168 3441
110 14 37
178 82 3549
160 162 6476
166 1 7559
149 87 8483
16 147 7163
55 20 783
152 95 1209
7 161 9723
110 156 6709
192 106 7421
198 164 8298
91 43 8331
182 60 1374
141 108 2248
55 101 2268
46 119 5924
147 160 670
92 185 179
38 149 8074
120 158 5180
192 197 8944
71 8 661
18 146 4529
100 105 8013
40 180 3729
123 62 1930
102 181 4752
34 175 4229
14 191 8998
148 173 1252
57 20 4286
22 36 7734
52 127 1844
77 153 4004
133 177 2098
40 102 1846
183 7 2264
139 164 3460
50 107 8362
3 136 7310
174 96 9391
113 57 3950
170 58 7399
193 136 9229
48 157 1004
42 26 8676
164 189 909
27 195 2356
149 94 7799
93 132 24
92 125 22
92 31 6442
19 135 7339
34 32 4723
55 25 8510
69 85 9303
17 96 5237
128 42 1440
1 18 3814
40 23 9835
156 69 8586
200 179 3216
65 111 6915
136 70 2070
47 189 2784
129 137 1462
145 144 1133
133 49 4895
197 5 4385
181 172 6491
89 69 9667
10 131 2016
143 93 6141
88 89 5337
35 174 6948
168 170 5238
19 16 2551
166 64 4529
102 58 4150
59 35 7123
152 150 981
27 32 8599
45 155 2865
10 124 9662
37 179 6882
131 128 7043
32 150 7379
145 191 2511
50 118 9998
130 86 1616
24 6 2299
57 59 9958
139 141 5658
43 138 2159
93 32 2800
44 132 6676
26 54 5375
67 105 4243
121 69 7961
156 120 2926
139 30 4791
45 156 2532
12 61 2628
99 186 6015
8 125 4320
182 25 110
96 57 4322
138 121 6484
197 53 1357
32 63 8241
164 142 55
68 104 3712
171 120 8070
113 28 4929
27 119 6173
114 61 248
72 113 6998
18 48 7366
101 138 2464
63 36 7414
171 167 6619
27 66 1979
91 24 9201
156 148 3832
82 200 199
12 88 5616
69 23 997
139 70 1632
69 122 4691
155 25 6826
77 169 7541
197 59 7427
82 129 2200
19 133 2944
27 28 2958
134 13 765
106 14 1446
193 73 4062
177 10 3152
54 91 6969
184 125 6384
80 70 3428
110 80 7345
88 56 2187
103 124 5196
12 72 9829
22 50 8729
37 131 745
11 73 4438
120 65 2571
38 59 2982
104 46 7963
28 138 7884
10 158 1071
66 112 3863
89 176 1792
113 164 1152
139 55 772
161 116 4051
68 109 9626
57 15 5899
170 1 9947
141 186 401
185 163 8287
113 135 7814
192 6 2894
30 57 3759
60 77 6553
179 115 6642
155 113 6728
14 145 5470
12 170 2165
35 71 1279
174 156 6568
149 105 8803
102 125 7173
43 139 6631
165 197 4148
124 50 3749
170 124 767
14 115 3346
188 114 4162
156 139 2019
106 180 8398
78 167 3025
47 58 8350
22 166 6350
200 177 3951
40 91 3158
169 14 5161
66 167 3593
127 152 611
164 79 1559
7 106 1735
74 150 9943
55 41 1560
190 169 5379
143 70 6174
92 193 3580
97 11 7669
81 65 9828
98 75 1048
94 173 1437
141 126 4487
171 155 4371
60 103 3760
24 165 2727
198 149 4126
132 69 6157
137 196 8487
153 194 7625
115 116 4401
40 91 7782
172 35 2517
34 146 3031
86 55 8
15 2 7122
127 55 9654
162 124 5994
102 115 5855
45 159 4028
69 161 2566
153 199 269
175 162 1192
89 184 2418
75 196 3419
96 106 7087
151 105 6616
200 167 6132
56 112 8970
197 116 7110
17 179 5927
2 141 9818
187 154 7470
18 52 424
108 94 5458
97 66 45
67 72 3687
116 95 6337
51 171 7787
95 64 7819
102 119 2774
7 151 5634
173 136 4261
167 127 5590
85 30 7219
158 120 8335
172 87 2346
89 160 8676
100 107 1018
45 59 4110
96 134 9015
160 29 6222
165 67 6040
73 125 2796
195 103 9837
5 69 9027
12 124 8512
85 55 9322
20 24 9456
124 186 356
18 181 1658
173 86 7098
94 10 8665
76 188 5383
148 74 5312
68 43 1861
112 140 5990
178 182 7094
107 195 3138
32 2 2406
29 159 7511
196 111 736
51 164 2721
10 76 638
92 81 5297
96 8 5237
151 148 6422
161 54 2048
175 101 9725
29 122 3308
66 200 3098
38 34 132
197 159 7511
110 23 2526
85 8 8989
80 28 5862
74 154 3841
172 94 1338
85 158 3521
151 149 7495
164 4 4592
115 49 5282
60 92 366
171 145 2408
119 183 6428
194 17 1962
157 165 7935
76 154 1748
192 32 7314
21 46 9598
75 57 1441
153 100 4757
75 9 4340
164 50 8826
9 75 105
116 129 7500
142 49 2005
36 181 2242
81 108 7244
122 197 9372
30 177 7951
27 72 8954
39 88 4327
173 50 3821
103 86 7215
14 181 1533
93 110 5191
180 27 4283
110 140 7126
61 155 4072
87 67 7631
88 10 6454
105 63 88
67 109 7230
150 53 7479
175 84 2945
12 154 4127
57 145 9235
151 130 5641
138 65 8006
12 10 7990
146 99 5251
19 56 8709
89 127 1215
29 10 1040
118 161 1387
199 69 7613
36 167 2620
14 151 5953
81 159 2845
123 159 5639
65 92 321
57 147 4818
107 147 8238
157 178 4303
171 193 3015
118 108 9376
8 16 4634
189 71 2100
47 130 8569
31 132 6779
88 117 284
1 193 7033
95 120 9815
91 96 1961
14 60 5384
40 121 3716
153 127 8580
173 4 546
19 54 4211
41 121 720
199 145 281
100 131 3651
57 91 9079
59 138 5149
7 163 9250
3 65 7646
42 29 322
181 104 8909
178 45 1486
81 27 566
89 101 4454
142 187 7846
79 132 2050
40 4 9973
142 113 8905
139 143 2468
135 113 2884
200 16 424
85 62 3188
102 50 2487
128 9 6178
67 90 2064
93 186 166
195 42 5375
180 134 4058
128 40 2929
187 160 6064
131 134 5109
106 187 1106
179 131 9781
118 142 9465
171 179 7060
162 121 6432
25 130 7320
115 144 601
180 159 5593
123 150 272
86 6 4219
65 101 4368
123 118 1209
134 3 5283
17 166 243
92 143 9726
80 106 6985
90 131 3436
36 58 1209
11 60 122
33 141 3766
49 113 5667
95 106 6329
12 113 7582
103 96 7645
23 137 1205
68 62 4038
69 28 4887
197 149 7218
96 116 6640
130 14 7314
2 24 4807
134 198 7723
17 78 2153
100 185 8921
173 36 7541
45 46 5251
171 65 3336
90 135 229
7 10 4906
5 61 9114
149 50 8984
45 90 5385
25 129 4355
193 79 7041
9 81 3082
108 39 8600
96 13 6948
123 75 3009
28 35 9937
132 112 941
66 84 8625
80 142 6819
177 122 7541
74 66 9123
109 161 9365
136 151 3048
157 105 4066
49 129 2651
143 27 8285
120 59 1488
114 162 7688
104 73 7644
172 84 1580
41 16 8596
22 66 7099
2 69 924
157 125 6359
40 36 5599
178 138 8034
63 11 8986
117 95 3208
14 150 6958
110 102 6794
16 60 7622
172 81 717
24 193 6582
130 40 9651
197 46 1670
103 143 2360
111 174 109
189 139 6032
192 123 8656
84 127 5279
55 25 5693
47 146 8105
145 57 8100
120 180 6971
1 161 5398
89 81 3945
34 74 5377
107 189 5994
155 178 2747
34 33 2770
82 84 4781
64 117 3615
100 197 3858
137 190 343
85 144 6529
200 83 6576
107 28 8503
8 107 1871
40 133 360
93 49 7957
136 169 1031
69 18 3063
127 12 3669
138 38 7245
31 182 1351
73 30 2366
89 3 2059
64 158 602
162 20 7917
171 172 9689
192 52 4005
40 119 1730
70 38 3475
20 27 7934
172 158 5486
78 140 2831
26 93 7338
11 74 5979
191 177 6568
89 28 1166
70 52 2690
80 88 5599
1 4 2951
174 178 4657
192 28 3124
83 27 6445
123 1 7061
28 148 5230
54 95 811
180 6 4317
85 110 8440
142 64 1945
102 85 4954
191 190 5723
194 187 5337
151 180 8782
101 108 6511
197 92 5074
119 121 747
129 179 9118
68 129 8336
180 60 565
164 113 6622
83 20 4973
198 30 5199
92 87 9804
73 88 3205
120 97 132
180 121 3523
90 175 2065
38 46 3498
63 71 1873
152 166 741
143 62 8595
115 193 7270
43 113 4420
29 115 8370
128 86 5910
16 169 4444
43 84 1602
84 155 7774
21 104 4703
147 148 4237
161 185 803
22 190 6221
68 87 9226
87 50 9795
140 16 7222
86 94 9002
29 84 1910
32 135 7192
16 98 7066
118 42 6851
5 146 8134
42 158 990
99 148 3364
152 12 489
6 65 2528
114 130 6055
72 33 8766
12 125 8673
131 141 5743
66 21 2908
46 47 9957
7 13 3352
183 55 6770
24 43 6265
192 159 4904
32 182 457
77 128 5805
93 190 7149
141 7 6125
19 160 4038
110 179 7797
199 66 988
127 9 7422
135 12 7927
137 90 967
113 184 3231
134 75 9637
42 180 6708
132 142 3983
72 38 880
84 183 5558
66 47 4156
46 122 2835
7 99 9168
160 171 9428
84 199 672
183 142 4024
170 189 3268
93 160 1577
111 36 198
28 94 5193
148 124 6449
82 157 3840
8 129 8953
110 130 1526
27 166 9206
18 75 3036
13 148 2709
106 6 9360
144 35 4065
35 128 8945
84 161 5517
64 153 8048
186 1 406
26 55 5128
147 38 6087
62 144 2239
90 48 9021
99 20 6461
8 94 7245
84 162 6237
191 180 7602
75 187 5651
9 144 603
32 68 2684
177 136 4149
128 87 6604
18 134 6886
57 37 6708
160 151 1946
150 173 9107
92 176 641
78 9 1008
60 131 4649
178 25 5637
58 65 2376
166 63 3133
100 65 9293
128 134 2561
85 144 5208
31 21 8288
26 105 678
78 112 7949
199 38 7730
186 161 1310
59 120 1529
81 195 7155
74 68 5053
84 104 7891
186 135 9501
125 12 3246
136 108 1283
84 1 558
147 155 9470
7 68 1951
66 93 5505
41 88 5922
42 189 9452
45 186 3837
179 130 9914
99 110 8501
180 114 8347
59 8 6398
164 105 7923
39 173 9842
171 43 6178
150 36 7297
176 22 4278
62 15 5289
180 28 1326
98 118 3606
167 95 7504
69 14 2571
66 62 1695
109 62 8546
29 104 7989
172 51 8385
42 79 1351
124 181 5822
42 23 7386
17 106 9348
23 112 3355
73 182 4250
63 104 7613
26 188 2046
170 61 5495
116 60 2869
46 173 2947
31 52 8321
123 5 8375
100 53 7294
121 92 6838
65 18 8166
197 118 2268
98 25 7093
45 2 2585
141 81 7791
155 118 2958
20 61 8863
86 49 9895
9 169 1634
183 98 1704
101 139 8019
155 56 5803
26 27 248
156 97 153
75 174 8301
69 159 9319
64 56 4720
70 63 1107
102 161 7773
173 196 2079
126 73 5979
151 157 6126
117 95 6055
149 139 8941
133 134 5503
162 53 4516
2 154 7394
172 191 5869
184 138 3222
33 169 7588
139 78 859
93 109 8864
143 27 2607
161 91 3409
161 124 9105
102 200 5675
14 85 3338
11 108 6019
123 186 249
163 139 4903
165 133 3998
107 128 291
11 176 5625
35 69 1217
72 176 9557
170 6 9120
77 91 4527
183 118 4570
95 91 2604
38 130 7071
29 100 3898
168 189 5206
173 67 4533
175 164 5541
63 80 7085
8 172 8526
58 29 4614
153 88 8653
199 31 3265
94 152 5295
51 76 7146
31 159 1238
161 7 3410
165 155 8955
127 41 8110
197 27 3699
55 72 6111
99 196 3158
130 172 307
59 12 3003
57 167 141
36 156 4920
196 126 2944
94 32 3002
190 94 4594
175 104 9824
176 104 5247
120 28 4956
142 81 3196
46 52 8973
48 67 6157
142 150 6535
162 184 5753
112 36 2932
150 200 6045
143 165 239
192 137 7278
64 19 239
74 7 9092
17 86 9186
17 53 3715
85 87 4282
136 195 2348
6 159 2108
149 152 4308
17 48 6134
113 26 8787
145 189 5921
108 124 5488
189 158 9529
24 32 2267
99 103 5433
36 85 8395
114 98 3242
141 194 2953
34 74 9341
184 28 7261
119 58 4726
27 109 376
135 30 5276
133 70 3026
184 104 5376
91 15 1110
166 141 6667
29 188 4347
75 26 2379
97 58 3188
192 153 5567
190 99 1130
59 65 3088
4 198 5160
178 109 9123
74 67 8359
191 76 3965
72 102 2876
28 137 4150
199 66 1184
74 180 530
86 56 350
197 177 1755
46 168 8354
18 183 7235
112 120 3760
172 76 5866
190 186 5907
43 175 7467
72 27 3752
175 47 3308
16 58 6122
156 50 6037
128 94 7215
150 137 2881
130 164 8739
127 195 8291
161 159 1140
118 54 9323
127 24 7134
3 69 1578
22 88 5144
105 79 1234
27 20 7567
195 29 8370
176 33 9010
186 47 6288
9 137 2382
110 199 4696
154 13 7530
115 37 149
15 68 2710
63 37 6765
36 42 6400
193 79 2034
175 132 3847
20 118 9895
35 28 2004
45 123 4815
70 160 3414
49 170 3789
101 41 5037
59 174 7176
150 80 8042
181 177 2461
167 99 2661
45 111 5385
198 169 815
42 131 1447
104 155 5817
111 138 7016
182 53 596
191 95 1233
134 43 8235
50 71 3210
54 22 1903
87 55 7412
102 25 2146
3 187 7402
15 176 9990
9 56 8427
38 89 2119
18 164 5879
166 110 9094
40 125 3897
197 1 2904
94 31 3093
134 89 9438
154 115 2722
159 156 6262
62 4 4777
196 158 7283
180 44 5343
100 42 2201
80 199 6703
59 127 7211
18 165 6876
16 37 6217
52 182 3702
192 72 1396
41 50 4891
162 4 1652
176 111 1729
109 153 301
95 72 4913
135 9 3341
107 82 390
199 200 2185
151 96 4534
199 92 7993
148 9 8336
146 94 897
24 152 167
37 152 786
162 13 1422
107 88 4353
85 59 3973
184 3 1766
187 178 1364
67 94 9608
125 6 2790
86 145 983
40 96 1799
8 173 6362
42 171 6241
126 192 5754
93 170 9699
109 182 1503
60 56 2388
28 43 3898
68 177 9911
16 78 7060
4 79 7887
95 128 6069
193 143 4150
121 54 9959
196 14 5897
68 100 6972
133 118 3398
39 163 8509
52 86 1880
154 148 9125
61 25 9394
44 157 7422
60 78 1051
21 156 1163
58 120 8778
118 114 6053
191 71 9634
46 42 2282
200 151 5759
22 187 9251
195 120 6322
183 66 9829
18 174 8442
131 83 7019
173 137 5347
42 82 210
194 152 6580
22 85 4293
9 185 52
177 109 6091
76 189 9581
198 149 8318
28 35 7716
125 49 5773
66 130 5191
91 83 3444
156 179 5113
170 187 8938
175 165 2826
133 166 5020
141 35 9371
15 40 7016
94 28 5633
92 181 8333
20 122 2247
72 196 162
18 30 921
95 29 8341
85 26 4686
189 94 1141
78 54 7111
160 40 5617
110 175 8694
91 79 18
84 182 6032
132 186 2759
107 69 1238
8 16 4744
79 160 3430
196 150 5651
9 12 9097
27 105 8292
36 126 9610
4 138 8776
12 153 7470
39 106 8884
38 173 836
177 163 7065
150 105 9219
102 198 1833
103 147 2289
169 133 1514
102 149 6998
129 58 6616
193 43 5171
172 119 4896
53 163 925
41 64 6922
14 165 9951
176 150 1671
106 75 3519
85 158 9515
80 122 9152
150 57 6669
101 74 7577
1 45 6478
64 187 387
177 189 199
55 137 1785
163 125 6806
113 193 8571
52 129 5833
142 149 6948
69 62 3052
124 92 7677
11 32 2112
164 198 5233
64 102 3533
141 63 291
110 108 7355
31 193 285
134 16 5307
178 128 6715
140 96 2475
48 153 6760
21 137 6682
40 162 3063
68 75 3704
62 200 245
25 12 1490
136 149 8893
187 41 8477
65 40 2812
169 37 4801
100 58 4214
83 116 8889
34 55 7945
86 159 8616
141 122 9761
65 53 1966
72 12 748
129 175 2668
174 30 959
20 166 9908
66 125 328
180 177 4245
72 94 7670
162 9 8885
18 131 3447
134 33 3248
30 29 673
196 152 1664
78 114 2306
178 97 1070
120 33 6540
15 13 1480
96 28 7612
126 199 5812
82 77 3098
156 185 2949
68 13 8038
126 54 1275
148 153 3601
63 103 3280
31 110 9002
177 106 2736
178 151 4875
49 56 4184
84 68 291
176 22 3395
83 5 6133
32 111 8034
55 184 3313
92 152 4858
84 120 2385
20 77 3090
188 38 9079
47 18 6973
181 45 4934
18 36 8774
55 129 6382
64 105 2874
113 95 8988
91 37 5642
140 19 4994
58 24 3649
160 94 1875
123 156 9458
166 103 4258
75 147 1734
78 93 4091
4 41 3173
98 34 8594
7 46 8532
90 154 4684
107 175 9326
170 187 9931
125 126 9094
194 111 9757
72 135 7932
77 81 9527
47 36 6078
140 61 671
88 36 3650
188 3 5048
188 176 7889
101 133 7377
164 6 2261
117 79 368
159 81 6374
173 47 3771
114 49 4690
121 6 1800
198 24 8172
102 46 5606
33 21 8424
56 109 3051
118 133 5780
146 200 6640
151 86 5480
138 147 1114
165 21 81
108 185 1755
197 156 1306
149 175 9256
77 93 6493
123 46 2092
55 66 4170
52 57 4350
197 16 3269
165 196 5758
142 184 516
196 190 7766
161 144 3225
160 145 3631
32 139 7934
175 111 8785
55 165 2335
136 55 560
61 98 3645
195 9 1459
98 55 192
54 46 6759
154 17 3484
18 148 5860
1 45 5751
70 185 2878
200 128 314
90 70 4303
103 56 5015
142 110 7363
179 66 2170
156 23 4901
66 134 7700
92 57 8744
21 49 8148
151 133 1673
182 49 5782
6 7 963
19 14 4641
164 119 4755
162 192 6572
177 197 6030
101 180 8321
169 188 5327
80 51 357
101 25 6117
168 156 2678
25 19 973
103 137 7238
38 69 1117
134 40 6952
32 195 6625
162 99 8905
139 57 8953
146 42 8385
9 59 8210
32 136 6778
128 144 4884
87 116 6864
2 32 621
100 1 2139
93 48 669
40 153 7657
37 52 1042
36 5 9087
6 45 7812
118 88 5089
55 99 1107
164 116 448
107 12 9232
8 189 6596
122 174 1594
19 14 4619
120 2 8283
84 89 6257
21 146 1746
123 27 6609
0 29
1 138 5 7387 12
1 12 71 6144 59
1 44 75 8773 60
0 40
1 164 117 6567 55
1 181 117 5772 26
0 36
0 61
0 30
1 157 27 9554 32
1 40 38 9312 62
0 27
1 71 127 969 50
1 134 176 5644 38
0 64
1 75 176 9066 7
1 57 58 3718 1
1 144 31 7782 23
0 31
0 18
1 183 82 7351 21
1 199 40 534 48
0 13
1 68 64 3864 3
1 152 166 5616 41
0 33
0 11
1 107 33 2783 28
1 116 72 6656 24
0 15
0 25
1 197 27 6944 42
0 47
1 184 101 2616 37
1 18 180 8515 39
1 183 37 5036 44
1 153 163 606 43
1 149 76 5146 45
1 56 93 5140 35
1 61 75 6852 22
1 136 130 3205 19
0 54
1 90 177 3212 14
0 5
1 115 176 2075 10
1 116 78 6289 8
1 143 178 3547 51
0 49
1 70 123 781 6
1 47 56 9444 17
0 20
1 123 109 2578 52
0 58
1 135 92 7199 53
1 13 77 1759 9
0 56
1 189 130 9806 34
0 16
0 46
1 181 6 2896 2
1 108 189 1927 4
1 39 180 9734 57
1 195 102 521 63
