1800 5631 689
94 1551 4240
567 1735 4888
1413 1132 6955
1544 238 588
31 523 1743
997 1042 19
523 1427 3281
726 793 3589
1332 1291 8771
1751 1207 5968
1022 1246 2971
527 252 9927
1122 628 8325
1689 1254 2752
897 934 4507
545 968 6653
176 672 5970
1067 866 730
1303 1414 7560
208 809 7368
1616 216 9709
922 89 7401
1398 735 207
906 33 6316
1491 1676 6282
1703 1208 6363
174 53 3007
769 262 642
715 795 5491
1589 1038 577
1452 1057 6186
739 1089 6422
1345 695 820
125 765 8548
1227 1527 9641
1306 88 2215
6 903 7585
1300 919 8572
64 776 4742
398 659 3020
324 54 4797
1601 1477 2137
1091 296 4001
1624 312 523
1173 1137 5426
866 312 6076
763 159 6718
335 241 1074
1480 35 3102
806 106 4893
1073 418 6100
933 179 3089
738 794 6258
698 323 3012
1354 1192 9230
1529 951 5883
1728 129 9652
1726 1327 8354
895 975 1915
1237 714 7195
39 270 8252
1791 1557 4888
166 751 3295
1047 135 3563
471 1628 4904
1197 784 4541
72 1788 2050
1306 818 8220
297 1641 5770
980 167 6858
627 431 4830
1108 332 2147
1215 430 3958
725 582 1647
424 723 5667
591 1388 377
619 1267 727
932 1781 8237
285 634 1605
442 810 5224
1428 771 2122
1458 726 1132
1482 831 6442
1167 820 6994
278 1546 6959
1091 233 4037
269 1147 7679
1789 147 3852
1233 700 173
1599 226 5175
344 1075 3426
766 1669 2829
1759 144 3484
482 1431 5140
1703 375 5144
345 1211 7041
1208 102 3707
118 1485 2067
741 738 4278
1015 1339 11
648 1535 4218
942 1154 6765
326 1238 8313
1079 285 3308
397 644 223
938 394 1650
1413 368 7648
1643 919 351
1716 1147 2291
544 797 5924
1469 1006 367
274 250 7375
1107 696 4564
728 861 6121
1266 1526 8860
911 253 6637
1726 991 2483
1501 426 7691
1367 1712 9988
687 1223 5053
1724 957 4501
1272 1471 9369
1631 1360 789
493 1176 8456
1338 630 2196
783 1413 3669
631 567 1283
1023 719 9513
765 1550 5293
712 1781 5894
169 1050 7654
993 939 34
161 1203 6034
1472 1305 774
48 1423 8664
399 124 9494
1655 1423 167
153 602 4483
744 1173 537
1492 1297 9775
1184 1368 9415
157 1208 6800
1357 315 588
688 346 9032
133 250 5774
1414 855 3603
745 1502 826
660 828 8225
1553 786 8622
1200 1750 8454
297 1085 684
782 315 9888
580 1786 3853
179 865 8792
1703 950 7347
553 921 3260
1568 194 8883
612 1774 6428
127 785 6642
172 1490 6242
1221 619 5615
1483 41 823
1043 594 6544
1152 1218 1395
318 444 1649
828 1034 3539
554 146 2969
308 1795 7250
427 727 6879
1400 1708 3585
1547 1196 6844
275 1650 7816
1344 107 5698
115 62 4977
308 1658 4605
1459 1016 97
955 49 7351
902 12 4778
1736 1215 466
1141 588 2079
504 769 4097
1765 589 9142
658 276 3383
714 1053 1236
734 493 7460
1280 1533 517
869 374 1068
1386 130 2810
521 1067 6314
1355 1034 6375
638 716 8004
469 988 701
1000 1157 1920
1552 800 9604
342 716 3158
1356 1209 8493
846 202 1655
1618 39 8678
1522 557 5774
959 1457 703
179 724 8693
1265 426 8844
1725 1748 8043
1055 290 1722
283 1226 2068
1307 1104 5543
131 1793 817
1795 598 6796
1019 862 9856
39 413 7038
1222 513 9910
1165 1770 2709
1513 70 5771
75 1760 4172
474 932 4310
723 751 5913
1251 1717 2954
949 780 6174
1523 295 6993
1769 970 5473
37 393 1943
1083 225 472
1372 1353 1114
844 1782 7400
1558 1412 288
1701 779 1759
599 503 4824
454 447 9968
169 1637 2900
40 1168 1599
954 490 2471
1463 1118 1932
966 1319 5931
1675 171 1556
1390 1517 7461
696 1530 9910
1793 479 7725
156 1741 531
232 218 680
1104 851 5449
135 544 7031
26 841 2592
1603 957 9237
1569 1679 1253
670 1536 2364
202 1686 6359
746 502 5128
698 440 5984
148 378 576
396 87 6229
631 1721 3025
596 274 2161
1197 1620 1868
1333 1140 7278
1233 1430 2754
1591 1599 6165
728 1201 6959
92 168 2872
1288 451 4372
805 1460 3549
336 406 3961
352 1211 2332
585 1664 6530
804 211 3932
525 343 9696
911 1688 2618
943 752 9339
1462 297 4155
282 401 829
1038 1166 9683
1141 1005 8130
1090 984 3094
1471 751 2078
645 32 7759
599 1762 5919
467 132 7566
1166 1128 6084
722 695 1879
673 592 6781
1101 728 968
888 1333 1604
68 1565 618
1500 908 4268
981 1320 4763
1768 1781 2792
239 1106 3562
494 509 5086
640 615 3955
813 1155 7197
893 1201 4093
648 345 1084
1257 288 2594
98 1116 869
697 410 8863
808 7 8881
326 383 7148
127 788 5844
1043 1079 5277
646 1260 6123
106 1495 9289
1751 648 4981
593 1561 569
314 888 2543
1418 43 6869
321 1324 372
602 1699 9275
242 1584 8276
825 88 4737
1106 788 1123
300 139 5436
878 1772 4517
1303 1471 3745
1272 1148 3320
1021 886 5403
1247 880 6930
716 1742 6141
182 1307 4652
1187 1067 5242
1073 1293 6781
607 1118 7331
1077 570 8875
422 365 7360
583 1528 5215
939 1044 6785
807 1375 4216
307 1764 8647
821 1159 2179
1662 690 5390
699 1622 2648
1529 1634 237
525 385 1047
539 677 1488
1078 925 3940
294 1640 6325
1357 1669 4464
1039 142 2117
815 1045 3418
273 976 8116
1741 423 4597
1598 83 1676
296 550 9754
1334 387 1447
1348 145 8465
5 678 4779
1314 1601 1659
40 835 5802
1746 22 6931
1263 371 9065
192 94 1942
872 624 8272
124 1759 1696
962 1332 1299
336 230 9208
353 517 8352
501 1072 8557
866 615 5642
39 504 3298
558 1281 7092
538 249 8984
539 1716 2689
540 662 491
952 1728 3706
1220 415 1214
1793 681 2881
1738 183 9610
1747 610 3013
1552 1147 9556
1633 872 9686
1216 1340 2126
376 249 9323
39 384 4145
1351 1718 1537
1074 405 2520
1315 1638 23
1296 983 3872
656 812 2487
96 476 6862
307 1227 6998
660 925 3056
1696 288 46
860 638 2088
951 1791 4795
1687 1121 5733
1307 1786 3237
1599 168 7140
1493 7 957
355 537 5895
1230 1529 4315
282 1134 7076
787 250 4038
1582 12 2016
1709 830 9333
359 1171 1485
1777 682 1669
1065 751 5329
468 669 3482
552 1510 1032
178 1375 9995
282 1010 123
1201 1634 9320
1572 1584 8882
1433 126 31
1009 1786 5208
470 1720 8575
383 801 8046
256 708 3628
164 239 6146
1481 1305 6387
1233 347 6367
1360 1134 5903
1333 541 1416
614 643 7325
20 924 9585
918 1562 3468
568 1109 8350
1481 1143 6456
1473 62 4096
987 1261 4376
920 1027 92
183 1626 7926
481 1417 3149
1049 141 2382
858 976 2956
1117 1630 6522
1430 1109 2990
1522 1534 5741
694 1256 6782
1629 617 3405
1321 1066 988
531 976 4150
1179 1227 6550
1093 1650 4572
1628 914 2645
419 317 6912
1433 1013 8874
970 777 2295
776 1683 9514
159 589 4262
1615 904 4183
1375 70 9425
941 1648 3248
71 1260 726
261 831 3563
1577 1766 6532
1439 911 3553
1575 256 1153
1617 346 7274
389 923 29
1214 531 8202
1113 942 8032
348 439 5868
1149 467 8858
1203 1449 7453
464 444 1019
1052 734 3643
977 1335 4737
1704 1212 5422
597 1590 9266
1306 522 9751
874 739 9146
398 68 408
204 1140 374
763 1684 4
223 170 8897
214 1577 1335
390 64 8495
793 1290 9032
115 1201 4375
1691 378 4862
1774 186 9990
705 730 4464
1643 289 49
453 602 5888
1766 14 7305
525 657 1834
1777 536 2133
86 1447 2329
626 602 8140
377 889 74
1797 743 4754
1542 1036 4724
1441 474 4837
1544 572 615
1329 443 279
1465 1398 612
1577 358 4541
1126 1612 285
35 1262 7753
325 393 4510
233 178 6628
933 581 1211
1582 909 2511
510 1578 4843
1015 1251 1900
19 1031 9173
1527 385 7735
524 581 3097
1114 990 4842
312 1231 9345
545 809 8785
1754 1166 7017
903 1794 2746
339 549 2236
267 1308 9697
648 1129 9120
975 1474 8314
532 917 484
743 1353 8944
792 949 312
1037 311 8588
480 1104 3469
683 1282 329
618 1714 7950
1090 898 6727
1002 755 2638
282 962 5646
1769 1513 9379
1386 1532 2981
535 948 2771
26 1428 9698
349 963 9533
615 1432 3812
408 210 5403
822 1342 1822
186 238 6102
1579 437 6454
26 1540 825
683 8 6239
1798 758 3018
64 1055 7187
1310 726 7221
1069 743 8964
1621 1007 3099
1482 1341 9524
1043 426 139
1633 22 275
1430 774 8623
57 1554 7017
1194 731 6505
954 986 5203
1173 47 2254
250 310 3042
1551 337 2386
558 356 4977
632 126 5030
1364 1797 4039
1156 658 4864
977 1449 8941
1349 161 601
485 413 6273
735 1285 1147
1711 1458 1580
1657 994 3452
221 1306 6209
1465 1472 2005
59 1542 5366
1152 952 552
1176 1355 2550
920 1641 1505
1581 317 8152
1202 876 7418
639 995 6473
1596 1182 229
1350 1102 8001
978 366 7989
1373 979 4212
1163 1039 909
12 848 9510
887 1400 5708
436 478 5012
1431 849 8681
1314 346 6352
725 719 1739
279 1762 2572
1125 659 6380
1279 1501 3930
1115 1287 4782
1704 1611 5059
1694 1515 2013
852 1198 6262
708 342 5686
58 193 7971
1183 632 6999
1320 631 3880
1464 1694 7497
301 326 2571
499 1239 1675
774 1614 1464
178 78 2768
1175 1395 9804
1501 112 875
1700 562 9442
1794 944 3209
791 1675 6701
1313 976 8351
308 1547 1222
331 754 6853
586 125 9336
683 551 7187
1156 833 1322
68 919 5930
65 772 1165
1060 1129 8468
1696 761 2582
856 36 4336
1215 1296 3324
1426 1047 1192
1620 413 7173
1568 1798 5365
1725 356 6349
1262 101 5061
661 547 5369
1502 1121 9722
743 920 3547
1318 164 375
199 1700 5029
570 1280 6518
1718 367 8034
195 1423 4092
462 1540 2802
1383 658 3841
639 944 3206
1066 1376 8313
448 598 77
413 1641 5896
1761 118 701
805 1186 9093
1055 639 2597
1790 99 1805
648 818 7714
1097 807 7867
474 1337 1488
35 1675 4182
590 710 9779
1016 1250 187
1218 1335 2101
223 1151 9979
255 922 1025
38 1411 840
1663 741 6225
457 1689 939
1603 441 8149
1574 1136 5081
859 1591 9588
708 145 342
334 1490 9383
228 1120 9273
1188 1079 851
1368 1663 5202
585 1698 9719
1538 481 8025
276 1170 7766
168 1323 7272
936 1615 6710
1574 977 9643
1258 1322 4521
963 1391 1382
1379 1380 7003
912 926 743
16 579 1917
726 129 4429
1464 786 4641
151 232 248
629 880 6631
1470 1100 6210
1069 427 6950
1739 1620 9949
826 1749 8685
185 871 5119
177 615 1628
722 721 3019
1135 1620 9182
668 642 8593
106 1449 8841
909 1653 5879
70 739 8633
1084 1718 8169
102 1104 8185
1425 863 1983
973 522 8962
1424 467 5757
772 1009 2761
241 1060 5040
1678 376 5587
1795 1729 4087
1346 193 9019
481 580 5311
264 564 8023
1349 179 4227
1735 318 9255
435 1019 4451
566 1574 5919
1376 1573 3379
1480 749 4822
924 931 1527
149 1670 1775
877 1059 8477
758 411 630
1781 639 6346
1799 1698 543
134 1171 2457
412 687 6396
324 1680 865
813 130 2284
36 1072 3749
323 452 2315
1563 1450 4065
143 1797 1111
344 368 4675
1511 1153 800
1358 1214 6312
556 1148 1347
820 709 2936
305 155 3336
887 1568 8307
270 1276 6153
1410 773 621
486 1639 1509
1179 1023 71
1124 918 5110
657 243 6751
1252 1763 8687
1021 1202 3851
665 1528 2697
1646 1494 1745
922 124 4431
1488 1655 8809
338 276 712
1582 1263 9623
695 1087 7796
1431 1356 6499
530 230 4282
1543 454 4794
984 418 2288
702 841 4650
207 8 860
1078 644 6073
1340 306 5066
384 1489 5079
220 1591 1198
512 1399 2804
1426 1573 5404
1258 383 3380
1800 1629 9397
1347 563 642
151 1112 292
356 477 8641
747 1144 3417
1740 278 666
1386 1040 8165
61 1324 2674
486 327 6310
761 1577 5467
1755 427 965
1510 1193 5566
785 762 7037
479 684 134
1101 326 1822
627 581 4831
396 1553 6578
1523 456 1648
178 550 991
456 266 4599
1098 529 4398
1202 61 435
853 753 8747
1712 1226 6631
1303 413 269
1412 1292 2684
1696 1796 7334
189 26 55
711 217 4111
1466 508 573
829 1005 8381
109 561 6659
673 622 7048
1390 1391 9979
391 1032 1502
521 1268 1979
773 1475 9154
313 940 6910
448 389 7658
886 267 8944
164 792 3576
1749 1276 1622
1339 550 9016
1750 842 7068
1575 411 7914
595 695 7170
234 659 6690
710 1123 7768
1108 1261 1470
1275 1471 6649
134 1064 839
1312 1329 5878
215 1428 3724
1057 410 1107
620 1035 1594
760 277 6199
1188 201 303
804 210 3503
260 209 3920
321 1659 9091
1424 1657 2136
48 462 6525
298 816 3316
1535 908 9590
951 654 9965
1571 304 3155
455 92 4932
173 1259 3535
269 709 9012
1330 1415 5722
120 172 3092
998 1090 1842
672 951 6618
1475 21 1664
875 228 5672
326 1077 9253
1554 315 6529
1418 632 7862
1791 675 7451
408 355 7333
561 1353 2107
1310 771 2161
555 1533 5293
1079 930 8048
753 822 7010
500 1676 7819
1092 192 1343
576 1385 2090
567 1180 850
433 285 3633
1769 1249 4871
212 862 6090
309 281 8539
1321 709 5716
1296 598 7408
1129 1560 4012
1251 1005 9506
1236 423 4922
1593 259 7577
1400 1220 5663
1778 1230 8351
414 1488 1677
1400 207 3139
1630 43 6375
1 54 6318
181 1419 7097
1326 214 4933
92 1528 5130
746 1762 2864
1333 462 3600
1710 71 410
441 996 7236
1060 1779 7882
1317 932 216
1674 1725 5920
606 316 9989
1480 775 2306
1113 451 3369
1029 321 4696
255 39 864
1774 623 4599
944 1789 1986
696 1788 3291
527 1426 2028
880 440 2024
109 1522 3235
904 1503 2481
26 1718 8021
532 1779 4105
481 442 7297
116 277 7466
1346 423 8042
1036 1327 5652
509 1725 8567
970 733 903
1588 477 223
311 1556 3268
650 749 5874
1609 251 4160
1763 1765 1130
135 105 2585
19 1089 8642
454 350 6302
1354 854 5559
27 1621 8217
591 258 1118
1641 873 9664
1268 1598 4134
453 503 9963
530 839 5807
431 460 7704
1565 109 5722
331 224 8477
611 603 3922
448 179 6652
376 1311 8858
832 1646 4973
1173 1203 5016
737 107 2152
1754 149 5154
1266 609 4049
968 1355 5159
1025 1266 6873
1099 874 1329
915 1479 8161
287 808 5305
1213 974 593
1114 1648 26
1403 1794 6586
1754 1470 3338
1662 395 3704
1256 243 1077
1506 270 8251
780 353 1548
423 1728 5271
626 1178 4877
976 726 9738
404 1070 5076
1210 328 6397
273 1691 8290
1735 639 7150
222 25 2652
771 1059 652
595 1421 2407
1741 1121 5236
1408 1510 2753
754 1340 5915
161 86 5859
1509 787 7980
224 282 1429
155 59 1011
353 1349 3505
357 1630 5259
1219 1337 4173
1318 499 8484
1772 87 5202
680 926 3289
637 1729 5873
761 1795 3360
231 301 3464
1139 191 8818
334 699 9329
1692 1015 8973
972 282 6123
1186 4 3015
768 807 4620
322 373 4405
169 1727 695
1586 191 8284
644 1150 9753
5 898 9415
725 1272 2313
1582 398 2330
1749 936 9376
1248 1477 3174
1648 1494 2359
789 194 3884
434 502 3024
1676 65 9623
57 998 4103
760 1496 8836
1654 1183 361
1574 1686 788
640 639 2148
1382 1042 6069
1569 277 6513
493 1519 6590
900 333 319
194 253 9353
86 998 5473
1199 1323 2404
1708 1130 8314
377 978 8011
1244 1158 4471
307 549 9503
1168 1466 6253
1055 696 4907
160 1618 9252
598 734 3913
1503 1101 3763
1145 1294 6015
1104 580 3469
232 1248 2239
529 527 9356
1043 156 3550
1399 1124 2172
1054 1363 2917
700 1209 6730
585 1441 2262
206 235 1630
296 1450 7920
617 1231 1862
400 988 8069
1023 1160 485
1490 372 539
1726 1401 59
876 165 3217
322 253 549
1061 542 1668
395 1725 4471
1689 547 5458
1362 1025 3305
638 1262 7374
1351 1097 3887
108 934 2245
110 774 3133
1355 1575 9007
971 436 9850
1745 539 9657
443 1562 6051
907 186 818
548 1404 1283
1566 733 4052
23 640 2001
21 913 6212
148 463 90
1444 817 8333
1253 501 3999
1149 883 3033
695 1692 1361
107 1160 1329
1206 302 8459
173 1757 4630
1168 433 3857
1469 31 8128
1443 943 8551
1152 1694 8534
51 653 9892
1311 184 3406
1414 155 8456
823 1696 8200
658 1389 1019
365 808 4389
337 705 8599
878 652 3165
858 1626 9719
821 1648 6800
1060 1459 594
1021 468 2364
1590 1591 7090
1209 1366 5296
473 1735 3577
897 753 9792
1473 1797 8598
224 844 8201
1057 1256 1907
1251 1525 1270
494 1632 2386
931 1214 4980
358 332 9353
182 895 290
882 1545 4827
770 1438 6349
1440 1190 664
1507 580 1849
1638 1037 4839
471 177 4947
755 1435 593
135 667 9175
671 1370 4209
1760 617 605
830 1214 3946
1377 934 8616
1472 1615 8825
519 1276 6321
444 758 5837
1503 1390 6657
117 563 5315
163 1322 4221
1292 445 7638
1352 1717 3222
503 1051 1702
334 520 9441
410 482 7783
1769 875 7043
781 158 2092
199 1449 9841
118 1646 5381
1378 1772 8134
231 1227 3271
831 1522 2517
418 1744 122
1128 1607 8785
123 1671 264
599 3 8906
503 323 9763
291 382 1450
67 1153 6632
1630 507 5376
374 348 6258
1527 483 2493
291 1233 4033
981 1331 5917
1705 567 1084
853 479 1671
589 1434 1939
686 695 3223
938 705 4250
281 1306 794
1302 502 4610
750 1114 8091
1120 301 7593
548 49 9230
1048 136 9396
48 1161 186
1503 850 5532
1474 1185 3660
408 786 8870
411 1134 6409
871 465 8982
419 1639 9059
864 1182 5078
1569 309 8431
1698 1441 6339
99 1041 6293
532 1375 6248
904 960 5337
1432 1309 142
1388 796 3832
207 343 9524
827 1724 2775
53 819 8555
201 382 7480
1102 1529 2740
1064 891 1677
167 940 5533
482 139 9986
1033 967 6648
1674 410 2245
1427 745 5550
421 450 8057
1175 618 5284
862 35 74
239 946 1244
1762 56 6866
8 471 3902
1087 1474 7853
1047 295 9192
844 1298 5785
635 1454 2483
1597 826 8210
330 1737 247
708 1612 3005
96 1123 5713
1240 655 5522
132 664 1587
328 295 8606
1085 711 3964
655 499 2824
1213 837 9737
790 1276 3700
211 1391 6347
1741 956 2166
510 606 3610
307 28 3352
1128 265 2170
472 482 880
224 1311 7517
81 1770 2314
1028 1308 7001
1323 1700 2781
23 78 9849
1162 406 9692
375 271 393
355 818 2747
497 172 1102
920 1394 9060
871 583 8979
236 170 3993
546 473 9211
1687 518 8973
1004 211 8339
355 109 2061
833 1431 390
1199 941 7012
903 17 3047
1108 1497 6558
1386 1147 3322
1533 32 4380
1764 1521 8403
803 1662 6570
460 1345 6578
1601 824 8364
958 839 2734
1308 859 2383
1715 823 1857
207 134 7214
609 1740 7716
374 729 67
1437 703 124
1728 957 208
1319 35 2868
290 469 6702
823 112 6284
577 1116 629
798 174 7618
6 1369 6893
791 1420 655
1648 1303 2483
1182 816 6660
726 1793 9935
856 1337 9653
1244 413 4965
413 1338 870
1503 343 1721
356 233 4997
1148 698 8088
109 561 4104
445 146 5284
1140 52 9656
916 1308 1296
331 260 5405
1789 377 6524
1672 364 6027
1726 1431 2786
16 881 9628
681 730 7569
315 38 1935
237 139 1865
1546 1319 3665
448 175 600
1453 1757 7226
1641 1243 7955
393 155 8363
165 422 2136
505 1440 3078
1760 1622 3252
1764 685 4669
782 1670 1440
1751 721 9711
241 1496 8176
1716 650 5232
1725 175 4653
730 318 5687
1210 728 6482
1702 1410 3789
1529 1329 5894
17 1458 7235
1113 281 442
1531 1250 3989
1035 1162 8243
496 1546 1630
252 275 4425
113 89 3547
331 1226 7071
1422 443 515
1100 450 693
657 604 8198
1131 472 12
1566 425 6229
83 571 5481
353 1284 9249
760 245 7326
1696 1367 4424
1163 52 1828
1378 828 2285
654 805 268
479 1653 7415
833 1131 4247
1354 350 7340
67 364 7236
219 1186 687
1500 1644 5385
385 430 7542
258 293 5765
1279 744 8544
361 1590 8917
1533 412 455
695 26 229
1178 943 1873
1240 876 3097
1296 228 5068
1151 49 7291
1168 1574 9242
126 1222 5911
230 806 7659
215 1027 3444
624 1607 1626
1011 1631 2325
1138 136 394
314 1397 4929
533 1066 609
619 215 7023
1417 706 5237
254 953 6885
967 1111 3893
479 1737 2209
1659 1095 8875
917 1028 9289
1433 1599 1360
739 532 2288
167 1177 8687
782 296 9561
835 1570 8045
1608 1507 8928
677 1435 1001
1595 529 3878
1623 1631 4272
1353 255 525
316 1750 3700
779 938 1541
30 825 5406
1240 186 2965
1644 215 7103
88 456 7901
179 551 6991
736 1580 4410
739 541 6319
1064 1459 4746
996 1745 2049
811 1152 4179
914 478 5498
1198 1130 958
342 1608 1045
1100 182 6617
1527 1497 9724
680 1197 2429
384 1597 5954
603 1552 3740
915 1219 1459
288 707 1199
333 46 3855
1030 1263 4062
875 532 1044
382 1796 3664
1717 678 5276
1549 390 7237
809 521 9526
114 142 4033
1187 1716 5176
835 1515 3051
962 1442 4116
92 1570 9942
1277 801 969
521 243 8879
279 1003 8878
1294 861 8471
889 1772 3114
972 869 6787
871 781 966
790 874 8098
5 552 3302
828 228 8446
305 693 805
1543 509 5013
987 651 9824
382 800 6809
1789 1777 6246
768 984 1415
1653 543 8941
1201 1091 3156
1666 560 3463
1681 1592 5886
469 850 3254
635 502 3841
958 1017 9165
979 511 2184
419 976 3001
371 1422 4500
1025 1335 3526
633 1020 889
270 1783 8774
451 125 9951
143 352 8954
696 968 408
582 781 9932
184 605 4522
25 1799 4242
683 1083 3882
624 460 8977
961 1545 3466
983 41 378
257 1226 9504
317 1651 6927
659 486 8472
1669 683 6886
648 686 6956
1548 3 7953
901 407 8193
1547 1715 6397
1050 1354 261
1087 376 3832
1641 1274 1208
1670 1598 2263
589 487 9576
508 764 2409
1168 1746 5649
1799 1577 5893
1217 1313 1316
1383 342 5610
1188 1133 6982
17 163 6984
1475 129 123
253 957 7322
1534 1397 7572
477 1135 966
1702 1236 7718
1296 1591 8375
1232 361 1356
1408 1540 9226
1679 872 2591
144 1438 9624
793 76 1316
1049 1262 6403
1086 804 3174
374 552 9683
1678 507 1813
782 1197 4562
1538 855 2735
777 1244 6982
813 929 5166
1534 523 5567
1588 806 3921
691 914 2401
1411 1172 6478
1302 217 147
1729 1113 9111
707 722 5576
1125 431 2219
1398 1424 9116
370 1756 8896
691 1273 5699
1105 913 1007
363 218 5070
205 279 224
1121 634 2399
908 834 2871
677 1041 8815
460 1560 5743
1008 681 3068
947 1579 5173
88 1652 7512
138 423 2871
1590 1423 6496
1132 676 5870
541 671 409
1443 1215 3816
37 35 609
1076 1190 570
1784 130 5460
1284 1514 8342
1172 1221 6796
1 225 7593
1778 1495 1454
357 387 6792
110 11 8066
583 812 6954
1487 1454 6131
436 440 7168
71 1528 3206
218 860 2183
1419 1057 2291
247 1248 8676
1468 133 4272
218 1648 9470
1796 1506 7662
879 1169 5075
1798 902 6213
981 1178 6102
390 597 880
1470 747 5597
122 1219 9321
457 1253 1738
1055 771 9941
367 1282 8169
1256 1000 5250
202 454 426
243 540 6832
676 1149 1425
446 1751 3917
341 119 2956
730 170 8932
206 776 2852
1693 779 5560
1182 947 8712
702 1131 9053
922 1058 7461
1436 1365 3735
921 1318 9145
1223 81 9526
1664 757 8681
539 801 5090
1795 869 9056
721 643 5123
660 1338 2235
1583 1600 5923
552 967 9475
706 1387 9014
1655 1076 8842
162 333 5034
1388 1500 120
1655 424 6428
982 1443 4055
1594 586 9002
261 837 5292
878 1788 5247
320 1225 633
583 851 1948
229 518 2353
147 613 531
1553 758 1498
1160 223 1913
1090 394 3065
973 726 5036
1739 925 4682
1653 1388 242
1376 637 9614
440 1557 7748
1042 439 6458
596 1305 2474
1164 1290 12
147 180 7400
1749 1261 5248
1598 276 9897
1600 180 4803
1706 1314 2570
203 544 2679
72 1668 8489
852 1183 2760
515 1618 7502
225 971 9614
413 527 7498
1737 934 7763
1666 385 5151
182 798 4038
1249 1667 1695
742 1260 1344
1535 482 2793
1282 1202 2358
942 1494 8112
885 166 416
405 419 2542
1368 1793 9609
353 1520 1625
1509 1317 8808
220 223 4244
466 1590 477
363 1182 6072
863 870 5790
1078 140 6659
1203 303 6788
1411 575 9121
947 188 3569
491 1324 8649
1476 737 2356
536 472 5019
435 755 2592
46 223 3304
1426 234 2712
713 234 8434
597 1181 8895
591 413 6277
612 445 8063
1607 753 6245
411 39 3864
33 1342 5993
480 1692 5818
704 1685 2247
1132 98 9798
1556 1653 593
157 479 2849
68 587 8544
1690 660 7897
859 54 6048
584 904 1149
305 922 7484
860 911 1303
741 5 442
785 1458 2653
305 1609 9945
1708 1087 4631
1094 1536 3833
557 1339 8963
681 517 9578
1672 1734 3287
1557 682 2089
436 479 6597
274 565 5113
1243 1625 9525
61 265 494
107 950 7023
1161 185 1118
203 26 2759
1639 1222 1035
1273 1099 6590
473 524 6395
538 1791 3782
1044 506 4602
1699 709 9828
406 1800 130
816 527 1340
253 1445 4809
1138 552 1193
129 1361 652
493 762 2699
364 918 3257
1490 1690 9910
1577 1622 5714
121 816 7432
794 305 7360
1498 993 1706
118 357 4325
990 1070 5450
1698 1090 6726
1793 1714 5223
1150 949 9591
746 1655 7198
947 1645 153
1366 769 884
51 1076 3985
1440 1487 8708
288 647 7531
229 358 3594
121 1313 862
430 1311 5425
745 980 2784
502 91 394
682 849 2973
1455 1134 6813
1145 282 1811
1215 881 179
859 597 5793
1040 860 8644
704 866 6976
1600 459 478
1206 408 50
565 783 3447
145 1532 9434
1316 1272 9332
1528 803 8171
1419 1656 890
1003 1769 901
1493 635 8612
155 490 3532
1797 1253 7270
1113 81 5338
1310 580 481
1787 934 1479
938 807 3302
204 421 5496
952 1366 112
1243 700 1893
1371 1059 700
1190 1364 2863
64 433 5163
863 1211 5041
1695 347 75
527 1008 1941
1533 1079 2003
506 1087 2170
1737 1780 205
698 1519 3267
29 809 6488
1495 306 4179
606 344 7053
95 1397 2439
1703 1330 8912
690 592 3140
818 1019 5275
1336 1495 9362
184 128 2136
1198 1657 6488
442 1112 7613
1790 623 6681
1736 417 6508
118 1457 6254
298 1531 4811
180 1525 1590
628 289 6224
415 185 4635
1350 1015 8816
1152 402 6086
132 862 8889
1250 325 629
835 511 2445
1088 1733 1642
1724 679 7202
1285 253 7031
1525 255 3319
1672 1280 4169
1557 166 9385
1641 879 4482
1456 1426 7782
374 1290 1498
1756 620 8145
867 201 8312
394 3 9927
185 1765 5564
1799 364 7888
1309 1042 5729
1252 719 8697
979 167 9185
1205 452 2897
588 200 3336
791 1015 5202
1349 203 6764
533 1257 3473
209 1769 1276
163 273 873
1242 351 9944
804 1570 3716
1731 1252 3074
736 269 9099
672 1621 6211
81 1178 1103
497 343 447
872 1258 7208
1284 684 1629
106 16 1437
2 897 2321
592 1633 4565
1397 1358 8876
247 9 5757
991 1207 7797
620 663 1449
934 1658 8569
1412 131 2000
1638 1386 6784
306 669 7266
1718 1026 7985
1785 1481 4605
1151 285 3337
1292 546 6144
834 532 8343
1155 1619 3455
41 1425 1355
17 733 9400
583 547 1487
499 21 4595
1603 986 1941
642 1605 4640
1019 309 2323
820 1598 6077
581 1201 5307
151 1611 7591
1171 157 3087
591 1537 4258
607 275 9621
1650 933 1995
580 1504 551
73 1437 4350
1479 1670 5357
1569 251 6083
644 153 8894
561 831 157
1581 1457 7332
1318 531 3957
1176 1648 5310
813 1044 2100
1624 187 3628
960 503 7967
1679 701 8533
1468 129 5735
1185 1313 3276
681 924 4481
547 479 8324
611 1118 2786
365 1195 6929
72 1003 1327
1437 761 4737
1738 317 9715
429 1477 6217
1375 665 3441
1007 993 5956
1782 149 3820
15 159 9
628 969 468
961 266 6283
1399 1651 3123
1164 1399 1110
1345 1103 1768
1711 841 8936
705 565 1252
1794 213 9741
206 1676 9859
1295 314 4703
1653 1055 3228
202 404 1854
693 1399 2747
214 50 8187
1176 537 8941
666 1782 4666
467 1616 6493
1546 1604 4249
1176 1205 6975
1258 806 4027
1603 389 6074
336 1559 4041
580 899 907
1320 422 4331
244 1335 7863
1645 932 9490
1619 1391 2160
501 1000 9145
1608 796 1051
1462 386 9996
1345 272 10000
88 1327 1913
461 541 5011
290 524 7670
1496 1736 1425
881 333 3186
126 1151 7119
829 512 9984
1363 792 383
381 717 3505
1449 348 9859
222 527 9136
1346 1020 8215
614 1481 163
1465 1554 6105
1471 594 5327
27 1593 2796
986 1586 5692
1459 1584 1676
545 593 9691
1678 1780 3987
322 1061 6549
499 798 2381
1647 380 8933
1742 428 2329
586 154 9127
710 1147 6544
185 164 3218
460 1349 2650
1661 1557 9508
503 1631 4862
497 249 8220
1638 1005 4249
72 1119 765
212 809 3618
1583 380 4304
842 185 2173
1140 1109 3274
1200 896 6846
1303 1395 8752
533 55 8943
559 238 3831
1785 108 2790
991 578 2480
697 1579 4128
1370 774 1843
994 1212 7633
236 959 9611
56 1060 639
1314 551 1650
1128 1344 5341
932 651 765
220 398 5173
1233 237 4666
1743 901 361
843 1318 6024
985 856 1660
1156 351 5783
796 127 4811
1664 1514 9970
295 390 7281
524 644 650
171 1736 3994
975 1100 3299
723 414 567
608 1785 8532
928 996 9044
119 96 378
1325 1509 981
447 493 2413
399 455 3239
563 12 9319
225 201 2405
1137 1640 4353
1135 251 1737
1644 699 592
912 1262 565
1197 463 4081
1677 122 4075
1761 1622 775
275 512 2737
1446 1650 3563
1078 1759 4329
1395 1678 3492
332 140 1440
1278 1266 6809
1124 735 7041
1342 387 4606
952 956 7973
478 35 1264
1737 407 8570
381 393 8980
1386 141 9699
1371 1059 9116
441 1432 8016
949 1178 1914
242 859 1775
916 158 7786
1590 126 9714
699 1218 9466
388 755 6146
1783 1291 2220
406 1041 5667
843 445 3135
1670 1696 329
507 158 9337
1705 390 5692
304 1342 3449
1516 1353 2935
1309 1006 6652
413 1756 5494
1673 319 7150
229 359 2368
1789 1086 9923
660 1722 7186
1136 319 4406
277 1673 9693
1800 1134 1744
587 557 4451
795 1581 8940
498 2 1597
862 1753 3274
227 53 8944
661 623 8625
34 71 6513
1388 719 1562
1129 1407 741
468 1319 3082
138 1236 7117
1601 1707 1312
1768 1674 6912
1722 354 7648
1118 510 9275
1010 1204 8926
324 996 1335
1622 330 9325
646 1112 7353
592 1038 9849
1606 564 9727
1683 1780 995
869 873 2392
1231 1736 9838
1733 640 8180
198 441 5895
826 642 1677
430 1669 3912
1377 1358 6678
1034 1094 6912
384 1171 3378
1372 869 1453
560 53 3896
1533 1678 923
1280 1044 3461
1552 1315 1552
972 659 3345
402 364 5928
588 1214 3765
742 1287 9726
745 567 9356
895 1156 4748
637 1762 2122
1102 1316 3508
368 198 3898
1174 1578 4095
1460 430 3548
142 1473 3541
569 985 8077
1799 1079 2781
841 1550 3176
1622 481 8343
1507 883 2717
498 1449 6871
1609 534 8641
1313 1197 5252
196 349 7573
464 593 81
1146 99 2794
1065 1455 843
46 867 3477
945 1597 2180
304 393 5263
833 679 4494
645 862 4928
76 206 3211
1497 1036 363
122 976 2500
388 299 2845
596 713 6664
699 1546 914
1161 74 7223
759 1433 2119
848 480 3614
1274 1301 8774
565 912 2309
1752 1572 7871
1128 1504 9895
1781 1620 2596
1028 1657 7505
413 631 7319
757 443 5262
504 848 8359
301 1520 5857
1039 1043 8231
1000 1637 8355
945 1633 3008
357 1526 7503
962 699 8074
1495 1793 6332
774 249 8694
764 1061 8571
1705 650 9920
1589 1179 9137
402 190 6258
271 1645 1413
417 593 587
1033 317 3645
702 1674 529
1222 1161 1109
723 228 4836
764 253 4257
692 1452 5941
941 472 9461
397 1619 7125
606 1571 1698
1044 1006 98
5 455 340
1008 140 7439
911 222 4153
585 1743 8387
451 1772 7507
1 382 3028
920 766 1200
762 640 3684
213 1618 9881
690 1757 9372
1010 1561 3817
1060 1361 6167
778 354 4752
1496 1042 9586
1491 736 489
652 44 9618
625 1038 6936
1740 1610 261
287 448 4487
1440 1255 8381
599 477 4417
796 1476 8666
299 260 416
541 236 4663
211 636 9315
1674 102 1271
209 1248 4676
1256 114 9120
1435 1482 3705
610 311 7911
737 1278 7592
504 804 3613
87 1385 2703
1390 596 6906
796 379 9651
208 839 9961
323 1634 6745
1508 1558 6436
1169 1624 3108
1231 1518 1665
1407 727 4222
1044 1552 780
1026 116 9464
698 791 1142
48 1289 9718
932 1123 1165
437 606 2759
1686 197 4957
991 1522 5682
958 955 5142
254 229 7350
913 142 5119
1311 537 9331
1367 425 6668
466 498 5204
88 956 6955
1041 571 5375
888 914 8660
683 1107 7504
1072 782 9249
314 767 8193
1246 1333 9804
417 1176 5326
384 1407 4104
25 1175 5480
564 198 5953
333 519 6567
1475 1644 6455
1444 1259 3797
158 1159 9880
606 1594 1832
24 824 9437
1482 16 2848
686 620 6119
567 1182 4801
1563 569 2187
216 1083 6914
440 509 7243
1564 379 8166
532 139 5766
1222 1201 2697
192 758 6115
394 977 9519
1709 514 1129
721 1400 6665
1721 615 3265
1286 1335 2297
1622 1737 4655
1617 1373 6952
445 406 7261
1315 404 5125
1715 1472 8555
402 1406 6479
770 1035 996
431 1025 6822
395 1383 9217
221 312 8430
1745 1689 1587
1484 1667 1333
368 1735 9676
583 832 7399
1207 1778 1695
1241 243 7118
1052 688 6744
438 1347 319
1734 1129 9278
1561 279 2386
280 1657 632
185 689 7170
1692 1704 8701
297 1072 9686
620 326 9680
863 603 4958
96 353 9034
212 132 4833
1701 363 5561
1036 1283 6773
1482 1615 8665
280 1700 8976
464 1636 4722
74 763 542
1274 316 5282
368 1213 9011
129 982 3883
1388 1026 6803
1629 451 4111
106 81 7183
1113 381 2730
218 1620 9521
213 742 7136
824 349 2171
577 1606 3480
666 696 4237
872 422 633
1738 1395 4469
1627 837 7955
1060 642 8908
1086 1216 8576
664 1687 2541
1152 1102 6012
683 978 4184
1302 1260 3618
1562 1180 8503
1584 814 3416
337 1689 5072
656 1014 9357
738 950 6972
1751 121 2881
241 1457 9222
794 1527 4373
1751 1160 5064
1428 1523 3396
1668 1427 1729
525 772 7441
674 1029 2426
427 666 4947
1070 1528 9819
1439 124 6269
10 529 9401
122 1408 5058
1633 1771 5810
1241 1091 4072
642 1599 7403
990 1483 2188
1583 452 6569
552 419 9814
207 1066 1806
1101 63 9229
10 1373 5814
1014 768 5949
757 87 8705
1499 193 8023
1350 1110 4259
1312 618 3818
1521 1719 5018
1199 955 7936
1460 586 15
143 1381 3819
782 24 7888
277 1157 544
1022 1521 2733
122 649 6132
1139 179 2241
1484 864 2294
719 1783 4434
560 972 7548
1673 1773 5963
1360 651 9409
562 1274 313
1480 1014 1103
751 784 7252
1711 40 8025
928 1686 2496
1388 1170 7612
640 1169 3620
109 1710 5190
1558 1434 7562
543 1530 2134
1234 1129 5384
130 1582 6822
546 1338 1485
1748 305 6134
295 822 6735
1737 720 2554
1699 589 8323
1569 664 4485
1717 1186 2110
458 806 9079
256 166 1324
230 876 6676
1527 1089 2142
830 782 438
733 998 264
1080 364 6006
1708 1709 1275
1631 1338 5702
1484 1654 2544
442 934 9378
950 571 6469
1264 489 8744
200 111 7244
1537 1561 4036
834 14 7633
1407 349 1232
1737 564 219
422 1074 8219
132 1113 3350
904 381 456
1733 1772 5008
1438 618 906
58 351 8659
1403 915 1358
28 1691 3185
1746 307 5529
838 221 2837
947 1181 6531
673 1000 3561
1577 1368 3860
1174 1075 5780
1063 558 8941
885 198 4214
363 901 7753
1590 737 9045
1243 324 9636
525 1173 2425
1598 817 3643
803 230 9319
422 25 4422
562 408 6203
620 593 387
583 1185 9064
731 349 549
254 951 9668
937 1558 5804
1282 1075 9855
1106 816 3926
1691 829 7763
559 1116 6645
685 1265 5074
1398 1666 5425
1030 1113 60
1579 675 6385
1119 20 7071
807 1429 7206
758 455 2243
503 639 7176
842 914 101
872 1087 8420
1016 526 3668
488 754 9142
741 1316 8026
1624 59 5874
1324 865 8397
1152 663 6648
26 1376 7685
1315 951 7449
871 200 1359
1236 375 6644
1519 127 1603
1239 1614 1045
561 406 2003
1741 925 5232
766 591 2549
1402 1757 1834
430 523 321
896 180 4536
231 648 3326
1737 1760 6331
135 33 4953
1567 134 6250
1659 1624 2455
376 52 8322
224 225 4220
720 1541 3516
721 1072 2188
1398 1548 3229
1202 1726 4162
292 44 2130
324 1031 2783
1280 951 2573
1528 751 292
191 956 2907
1721 797 9250
132 1518 1095
220 287 3745
868 1450 2243
155 1143 9071
1414 544 4789
753 846 9307
1304 1717 9936
200 1231 4465
100 1496 6116
1049 175 1976
132 867 1304
387 859 2795
1371 3 3030
199 1409 6372
46 1035 8390
610 851 8430
426 813 1599
1788 857 6988
959 458 3819
1391 950 9253
156 1659 4634
1355 1557 1602
692 1800 5513
329 1044 3035
233 1 9395
1495 1056 7310
543 778 2168
931 515 3153
947 1131 8524
66 963 2665
1381 1544 1539
258 140 9627
811 438 1323
1277 968 7138
304 1254 3130
41 429 6945
564 14 3480
645 1519 7659
1356 1678 5583
1630 407 6913
972 1455 1410
1667 1115 4475
1148 1546 6091
1180 919 2250
1216 215 5545
217 1619 6156
820 179 5304
1617 1334 1808
1071 1616 4354
1545 1332 1740
86 279 7367
296 203 4668
884 1416 2585
280 324 1566
552 1773 1594
1430 1023 299
743 1130 6264
1269 526 9336
1210 1514 8537
1031 1022 189
1330 277 4835
309 539 4324
1650 93 8495
816 731 7797
1182 1091 5822
1016 1053 9393
42 156 3723
28 858 5085
165 1057 3619
419 1563 7777
647 399 3233
1682 1493 4081
24 1691 6655
1133 1714 1531
1226 1202 6105
451 890 9554
577 1711 8995
61 25 2313
633 525 8158
1630 401 1955
543 1239 2213
1705 386 2713
1708 1621 8334
902 944 6925
1607 1730 6655
1206 990 3758
1354 475 2398
784 1449 3068
1672 217 8205
924 1607 3070
1724 754 2197
1096 337 6913
836 1564 6641
1225 350 2612
1695 1355 7389
1668 961 3121
1388 565 9360
1084 1652 7325
764 1435 40
677 654 5347
1634 1242 8725
1785 1707 989
97 802 4071
435 1379 9635
1702 69 5259
1105 405 7849
1272 811 531
775 804 8035
756 1037 8373
1241 1145 7388
1397 1576 4886
368 1298 983
499 196 5399
1497 867 5012
386 549 7376
393 1436 2455
1478 1281 5196
357 619 3076
980 1394 5509
96 1418 4735
92 718 4145
245 91 7858
645 996 4204
1039 1395 2176
297 777 2502
1238 1348 2761
795 1547 4447
76 1470 8701
533 812 5986
1601 695 4518
637 611 5424
1379 1186 5969
930 1199 7198
1641 1182 413
1563 1493 8560
1 240 6950
1216 236 3558
1631 371 995
1693 1110 2296
936 781 174
883 152 526
1271 101 4275
576 1212 1890
1456 203 8268
785 1262 3353
1203 1112 3836
1007 46 7758
1554 119 5018
471 1373 6337
1461 332 9167
1117 1011 240
1677 675 2498
3 1183 3988
279 571 3763
1398 415 4830
595 436 3655
1610 402 8563
821 765 419
1190 1012 5173
1666 394 4716
1513 393 1219
759 102 8925
1070 237 355
1406 565 6233
349 1586 8974
1746 460 5683
676 1467 3292
980 468 5035
5 56 8417
1021 1332 8443
1009 1209 4168
23 486 8162
981 744 510
854 84 4704
923 154 8049
1596 323 643
1739 358 825
1589 1696 9009
995 832 2903
1680 1658 230
556 423 2957
334 703 8623
1294 1269 9901
1679 1115 3399
1014 1214 8294
594 790 4786
206 1396 6828
1324 548 3976
1093 257 2374
821 666 2707
1424 774 7485
430 806 9867
745 1475 6339
182 223 2800
597 904 3778
334 527 3370
1108 794 2390
12 1790 7965
1348 1457 7852
525 1400 2864
582 529 8875
1125 744 3984
692 1694 7379
1322 38 6239
802 70 8757
479 814 7730
1333 248 6115
1550 219 1067
1401 1682 8953
1722 1651 8435
1094 1123 2491
1499 1476 6252
1604 621 3936
273 39 6629
550 1400 7454
1134 50 5646
916 314 1496
374 379 7405
1701 1705 3045
1242 1787 4337
1556 917 3665
1598 1178 3384
545 1625 6953
1766 945 8923
323 675 8003
1231 1028 641
1436 348 4411
1660 32 1252
205 544 1844
887 346 9662
1379 1521 8958
74 762 2151
1305 1104 4820
582 1192 562
215 1781 1929
843 1117 9558
1611 72 2212
153 780 2506
1070 744 8808
1518 385 8948
369 940 3496
359 226 4515
224 424 9754
947 1221 2346
1247 978 7755
101 345 5312
1692 1404 8787
274 224 4389
1773 875 8809
836 725 3734
3 752 73
918 738 7301
382 183 7412
736 725 1266
1026 1614 5272
1324 283 2973
1369 1191 5537
1337 852 7536
1058 1761 7360
1143 1033 9943
1178 1355 2970
1076 658 1123
1306 849 2484
686 164 6335
1528 979 381
1281 1779 6626
1785 1732 2699
1186 507 4054
1399 1760 7722
1428 1716 9783
566 1210 385
90 191 8254
397 59 9302
638 1051 752
346 550 1797
1273 397 3090
1414 883 1596
691 1718 6016
1219 1033 634
452 1118 5070
682 937 7433
1379 129 2957
897 1272 760
495 1208 2305
420 1277 6797
1020 1611 4769
698 1156 3099
1639 1141 2576
59 553 7295
604 767 6907
136 759 6065
327 689 6708
554 170 2056
898 653 9214
23 1564 3197
1070 1414 8009
450 1253 7333
1124 1529 6879
1754 1717 7736
1325 625 9407
1694 574 7511
1040 1416 8713
1774 1668 4573
1172 1340 2042
756 1312 996
1789 840 9674
1267 533 5435
1307 1020 3220
952 1553 5573
865 191 7477
1680 128 581
1315 875 3912
338 1565 7928
1419 673 4416
1582 1162 8931
1533 150 9207
1332 1633 5102
1240 1189 5542
1449 107 2384
671 597 4292
1479 56 6444
1321 718 4916
220 535 8332
45 624 2618
22 896 6428
705 1628 9822
460 791 7098
156 830 4387
112 1387 939
313 1242 5049
1115 1367 1041
478 526 609
1768 1336 6731
733 816 3888
1269 1608 7580
1555 1184 5159
702 529 913
823 1640 2641
1675 125 5068
1300 1419 3534
1269 909 8629
649 1107 2735
677 616 963
511 87 9747
589 1054 199
725 188 2897
642 549 3785
1640 482 1093
1632 610 982
807 1026 6399
1368 1635 9321
1509 1565 9306
375 196 4985
1647 1344 8570
1616 1032 7475
368 494 1417
1509 1170 5336
449 341 1443
41 764 3545
1358 1542 3471
40 1518 9074
1191 375 2512
1618 1594 1796
636 570 3756
1389 1328 4903
428 154 1500
267 253 5711
959 1500 7893
1379 312 1981
457 52 5014
1115 895 2168
497 601 2546
301 1598 9181
818 275 4991
1457 1273 4836
1545 1122 6223
1331 1060 1285
407 1490 7743
349 80 1914
1425 1478 4990
1087 1153 5829
1742 866 9870
765 1517 2021
1528 868 8897
1466 734 2180
374 1413 2141
1427 10 5957
1759 716 2226
871 1410 8683
1691 1538 2797
924 777 8476
335 605 524
1540 743 4487
1574 462 7397
73 119 2931
1535 1245 3025
742 1261 8810
1180 1368 5262
1368 1315 4292
1576 1583 3333
1716 1092 1560
125 1402 9224
1658 1530 8112
1531 1294 6655
1585 373 828
660 981 2820
1772 644 8809
440 85 2237
1460 136 3794
1443 20 8954
1784 1214 8743
1031 697 399
1226 492 2828
110 37 4307
1330 799 453
464 1451 9785
1664 988 1103
406 1261 2638
918 1270 6210
1797 721 7907
620 95 3830
526 763 7917
607 1153 8482
1604 779 1787
1275 525 3980
207 1481 1014
1352 605 797
1632 416 5327
1546 1055 9924
589 1097 6021
1453 1698 7933
1439 345 2645
1792 1278 6482
969 228 5031
96 326 1859
1003 1595 5814
40 936 9025
1168 251 2190
526 888 3425
740 927 5900
1393 48 8350
241 96 4242
17 1732 5518
802 667 5418
647 1573 7962
432 1148 4124
1607 1675 4487
1797 249 482
770 680 7497
1671 1136 9803
1151 658 5162
1423 1397 5886
540 545 7223
1530 46 9106
769 1081 3148
935 1617 1706
1398 913 6656
49 592 1621
941 516 3922
446 370 2070
1121 1462 3333
336 277 129
369 83 6426
1411 1386 4455
863 524 6876
1792 385 7699
405 203 8433
1072 1326 6613
1522 673 7567
1413 1260 5326
1616 653 764
533 376 508
353 1734 9322
535 1064 24
682 1244 5905
522 685 5709
248 1003 7183
1787 621 5787
1186 313 2205
600 686 5757
1679 234 5187
346 311 7126
1488 1136 5246
751 1600 7954
64 400 6032
1495 661 1276
602 363 6488
198 1581 6587
107 609 5987
796 1257 2226
698 1236 1427
553 403 9351
1516 827 3022
451 301 9443
500 941 6073
1476 379 3578
1065 1360 389
1239 1594 7805
1290 1730 7610
243 969 5486
583 383 9955
955 664 2595
1409 411 3066
195 289 5246
1660 130 5636
527 1467 1179
1131 813 1023
1528 1150 9371
1124 1287 1003
688 371 5407
677 119 1718
935 1346 4120
1695 320 3564
478 569 5167
1520 199 7037
940 1699 8832
1575 1613 2240
438 1623 3083
1043 1309 664
83 9 2509
76 407 6102
1696 1158 1211
1510 381 5359
65 268 8577
786 701 6030
296 735 1129
374 1416 4972
658 187 4799
335 793 798
544 285 4196
1109 954 3535
1410 980 7008
760 1154 8159
186 536 8989
1369 394 5243
1303 1512 2593
675 1202 7135
1352 610 1419
642 159 1961
1387 1686 3953
1676 311 3422
1685 635 1337
1727 927 5762
1261 405 1477
594 156 5635
635 447 7348
1384 848 4855
1734 1756 2198
1057 1391 7735
702 388 8624
1067 162 3275
558 613 2128
200 290 7959
798 486 7746
97 1616 6662
1014 1211 6596
1563 1268 6341
1335 1541 5221
144 1013 4082
998 714 3060
1024 880 2981
1 1220 280
736 395 2399
807 253 5915
244 819 6690
322 915 3244
1032 339 8656
312 495 3429
1309 1360 4504
954 788 5560
1745 1770 2350
1595 741 7553
1350 1541 9673
1660 1791 8055
1192 528 5090
343 416 8036
929 1253 3499
1042 927 3479
999 1530 157
1317 862 9126
1743 1574 1414
463 1372 1834
34 1623 4786
725 559 6309
616 1307 3992
692 1362 2230
571 1444 2856
929 1402 2176
583 1697 3507
1382 599 7942
568 1578 1371
831 1328 6859
484 1483 8140
109 1151 4025
547 325 4762
1065 1190 4080
555 1049 4748
1164 529 6513
1231 1797 9032
230 693 8346
26 331 4817
1157 721 5619
599 1071 2461
1193 1211 553
196 368 4571
492 365 8315
289 1291 3253
1198 1090 9571
1299 1659 5505
810 283 9495
932 1389 8958
1090 1318 528
1631 1602 6300
1154 1552 5113
296 1782 28
594 1065 7451
1690 1424 8489
860 752 2071
1565 1218 2310
1689 1608 1285
1695 1027 889
1319 987 2157
585 345 2199
933 982 2835
852 476 7314
1417 68 7768
196 1169 5680
1064 894 5166
1389 1588 6909
327 1066 3002
221 904 9492
698 659 7344
626 1675 1464
906 905 939
1493 189 8889
739 1697 4444
158 360 3348
950 552 1940
272 1486 5659
1531 907 5540
1248 935 2055
1643 674 8980
458 89 7370
1404 782 7474
723 460 1353
909 423 2461
846 1629 2232
76 578 4658
288 587 2312
982 1362 8294
1686 536 1342
1774 518 52
89 634 7030
1089 1323 5977
152 217 263
273 1690 4141
318 1586 6423
1191 861 4196
213 437 434
941 877 2933
1763 876 358
259 1263 473
378 1493 2306
1274 95 8440
1485 240 3471
1136 492 1584
625 420 7055
59 1302 615
1434 1726 6357
264 1637 9986
191 467 3972
605 531 6246
1544 360 9612
517 44 7935
358 110 3361
315 1444 62
1315 123 349
570 1577 6215
1762 55 7993
348 362 8698
1113 1795 2455
216 631 5794
406 336 1219
681 986 732
415 1246 8874
292 982 4778
374 491 7146
473 1038 1880
980 1686 6508
1677 1088 301
1797 1140 4959
1223 188 8469
1267 1665 5270
745 414 5518
759 907 7828
800 1371 5089
852 1499 2342
1311 1563 1555
1181 140 1793
1664 1099 1628
1778 1313 6061
1092 390 6934
1606 1577 1025
93 27 6553
1139 598 4928
1488 922 5286
10 1749 19
304 1546 9171
429 1479 553
224 494 3958
1406 1017 3244
1512 1506 7604
1766 1280 4181
412 96 1947
1582 441 9138
857 790 7501
41 231 5973
888 812 3152
580 1317 6480
1599 1562 3667
77 207 6000
1422 632 7443
1764 851 4471
142 1561 7231
1415 1076 3485
1584 377 4199
290 706 1785
484 742 9083
1070 1467 4331
352 189 7330
1160 798 7710
1107 1726 7801
661 1233 7276
777 657 8111
723 1112 177
473 58 414
1394 649 9123
469 882 9739
1676 21 2737
1265 1744 8673
1691 1105 5548
1368 1399 666
850 501 6467
154 569 4847
1181 763 4546
1049 907 4225
1020 27 1964
110 874 8280
637 270 4264
46 926 4715
665 513 8218
1274 1324 1681
226 596 659
759 906 2871
1683 1148 8746
1194 1134 2945
623 652 1340
136 928 6886
1413 362 9185
1180 1529 4759
1275 848 8368
1273 314 8255
554 1033 1334
1154 617 6225
971 1310 2466
1128 857 1837
1056 401 1556
555 1120 4452
1108 1401 3478
555 1238 5757
503 406 6618
1344 1708 4104
692 1799 7318
1376 1723 6003
628 1297 893
1665 71 2987
776 1315 2462
56 738 2965
154 1047 7650
1144 292 6300
1221 682 9714
1573 522 8524
950 1247 6807
299 102 1647
418 376 8037
186 1096 7128
1232 1557 4569
156 1642 2077
881 154 4321
1753 545 4986
1471 1579 8525
1602 1162 5603
1276 1427 1332
244 1027 5465
772 77 1049
527 1315 9985
1484 1793 1167
1543 1163 7904
764 339 5690
186 1278 6395
1682 679 3512
1738 1262 8461
1728 417 5726
1613 32 905
424 1355 7687
1634 1090 290
1510 600 9466
790 1492 1032
814 992 5994
143 260 1797
511 1244 7523
1616 990 1113
824 499 8195
1573 994 5426
1329 901 5782
624 623 7631
1365 1712 4775
1581 561 9974
661 1704 9955
1443 918 243
823 60 654
1404 214 563
1321 1190 3931
69 835 1489
1120 1146 5992
24 70 6353
637 1058 8792
1369 1404 4411
537 329 6660
1672 801 9289
775 774 1892
86 1762 99
114 1018 6921
1499 1784 362
905 132 894
1574 619 5619
559 1028 3984
1277 1637 4886
471 1679 1770
791 784 7895
584 18 2165
408 1121 7475
76 1394 4320
1108 1175 1487
1470 2 8443
319 846 8125
68 1605 5002
1259 392 6176
1475 654 6471
1579 397 8561
490 1597 5464
567 1105 129
1488 572 1427
1167 1790 6098
1473 1114 7550
1325 403 1441
1719 215 4762
1158 301 4821
1333 785 7410
1769 1157 9821
241 1574 176
1498 425 4775
1353 914 8113
1472 854 9517
1518 834 2057
1589 382 6644
624 1401 8953
1197 262 2870
642 1691 5263
42 194 3887
1079 736 6286
750 1228 8999
1732 1370 735
1178 1386 8287
1224 1737 5463
182 1207 6158
872 390 9979
530 148 9358
1614 1630 3664
404 591 1410
500 1272 5303
625 540 5226
165 50 6216
1032 731 9241
1181 513 2846
460 977 6421
465 1607 9667
1043 875 9793
625 546 2988
1332 463 5559
1060 105 3431
309 1061 9658
1692 1416 9715
1141 254 4506
267 976 4289
1783 482 1463
1309 1528 4601
1544 1495 4219
848 704 9663
97 911 899
1296 1479 1622
767 1435 3181
1439 449 3477
658 791 488
1316 719 8921
853 382 5447
179 41 4762
1438 1574 9367
357 767 4306
1414 1702 947
1000 1672 4202
553 1110 4341
409 577 6935
321 1287 1520
16 1697 8308
1215 884 4922
52 1083 1345
627 1648 175
496 1278 6267
949 1401 2803
774 281 6669
1308 445 4359
787 530 4232
439 1604 7007
538 656 1982
2 1005 8338
420 1270 3156
1027 28 9635
303 627 2280
988 1267 7647
1558 1319 3504
298 1048 7032
481 935 2117
918 800 8561
238 293 1759
1548 433 4954
511 521 8242
938 1685 3661
1621 1723 5176
1682 1725 4377
1085 1493 3712
1243 435 7390
1392 435 9463
1492 1188 1802
1105 990 6245
1545 1733 7267
482 473 2331
171 84 9829
527 1395 3387
1010 346 2445
1103 742 3991
797 23 3926
343 750 9454
1462 742 6723
1313 1069 4643
526 1322 3614
1364 797 5600
632 1624 2832
836 911 4523
1348 1206 6385
533 1707 3350
481 1595 65
444 680 8540
1784 976 1527
1102 1798 426
687 1447 6106
1236 1369 1660
978 483 494
1726 1784 3082
824 911 9424
382 366 2209
868 307 4356
1744 1256 2213
921 1683 3278
1232 1416 119
1748 641 9520
628 945 1667
244 110 435
139 683 4381
1204 4 4264
1173 408 1756
163 1095 3504
1061 1671 5046
35 668 9482
1267 1680 3757
1664 658 2973
526 1584 5626
459 423 4261
33 615 7593
479 69 3186
1324 944 2004
1058 1559 6543
382 1184 884
1600 1422 9552
89 1226 2484
1508 1568 8879
205 273 3975
1504 874 9720
1129 1567 781
1678 1756 8690
775 1629 1377
543 205 2976
1295 283 6934
619 1792 2761
1254 1417 402
369 119 7508
1559 86 5243
849 726 6903
970 593 8960
935 914 2481
556 1101 6810
242 1451 6421
191 1202 5492
1029 183 5673
1745 1145 7960
1429 673 9279
1466 647 4044
276 65 500
1394 1189 8236
212 1372 7927
1137 1774 3753
983 903 5899
1211 594 1825
1134 1407 1327
930 138 4208
824 108 7612
349 1381 567
1037 1174 1041
1720 482 907
1027 960 4411
862 1765 3169
359 1668 5881
508 366 3863
767 478 7230
1423 192 9510
1255 428 7223
1016 815 5126
1226 709 4735
230 1589 2049
915 1370 7983
580 1598 5484
1364 730 1435
563 1041 8483
1654 689 7227
1259 1745 3732
616 51 4823
134 508 4062
1781 588 1334
901 1131 9962
1025 947 8744
1030 1291 9978
1147 400 1281
1012 1795 33
857 395 7240
81 646 370
951 894 2800
673 650 5452
793 1373 4902
1792 1050 1637
1547 1396 5340
671 1280 6631
471 1545 6164
249 598 1768
1550 1187 8304
124 1518 6845
289 1074 729
574 1335 3777
913 1648 9310
797 1610 2257
916 879 4927
187 814 1371
1523 1333 2105
601 248 1656
281 189 7060
82 1078 1687
566 367 1482
1323 710 7467
293 626 6042
1049 1617 8295
1106 31 990
1418 189 5976
799 1121 9561
640 91 7250
487 668 9717
323 1269 2479
1020 979 9930
198 107 7445
1334 1517 5010
1468 999 9351
1740 57 1165
675 415 7087
1183 265 8319
1136 107 3193
1348 1429 3442
820 1439 8930
1265 1073 6633
1296 906 6338
371 193 785
1684 623 4359
863 755 7662
1781 691 9651
1512 237 7140
984 887 4008
1408 503 8644
1025 424 3139
1049 1499 6249
705 749 822
500 899 8227
246 1791 2185
1139 708 2371
300 1255 9219
828 1345 919
1067 1188 3684
470 882 4152
1306 59 1142
657 1686 4369
917 1732 6981
656 1205 5714
122 1714 3084
265 339 5494
1137 1362 4386
16 1057 5361
797 742 9348
319 1142 1837
1701 699 4115
1082 1301 2229
335 746 9552
1498 1335 6226
1638 1203 5814
128 628 4934
266 728 3209
235 1493 5607
1305 1000 3245
1660 613 8638
860 1682 793
1794 697 6128
1237 277 2925
1465 996 9836
502 1140 1008
400 1591 9429
1436 694 575
226 9 4241
430 1214 3474
564 443 6274
1072 752 2016
775 1422 2676
484 565 6
567 1472 2328
770 464 1283
621 340 6495
166 1417 2630
1178 328 1947
3 969 2715
925 1708 6162
102 1262 884
485 729 7779
1045 753 7540
1122 760 3949
576 357 4913
64 828 1533
184 1138 8842
85 1642 4329
1535 1539 9605
1221 1702 2858
1544 1443 702
1042 921 2062
1640 1078 829
1681 434 9405
1403 1191 4982
1331 1361 2891
3 533 3622
184 619 3312
678 739 6491
914 817 2996
1215 1799 7045
160 1619 1677
215 626 2507
857 1094 9037
948 1696 1344
1211 1665 6871
1770 1794 4983
388 685 4018
217 42 1396
1576 1741 833
807 1470 4388
971 699 9824
1030 448 7775
209 268 1779
1504 516 5548
579 1230 6091
1473 1179 9845
1452 1728 6906
53 1478 524
723 1259 7321
483 950 7389
555 679 7142
1754 1100 2550
1426 928 7443
1498 1596 1108
1486 98 7068
1685 734 5887
573 737 649
1295 1495 7623
1446 805 7380
1747 1708 3375
604 197 4604
1559 25 1098
1466 371 8634
1298 1184 3270
1236 1344 6163
780 437 5958
660 1489 7600
1310 1089 8531
4 74 8233
1099 1628 6676
1331 1032 3624
526 256 4460
1666 292 4140
1198 211 6949
321 1486 3772
798 548 7980
1709 991 4734
1065 1553 4876
508 676 4023
1494 1168 2542
291 431 9526
311 1612 2065
1647 495 7163
1679 721 4821
914 1202 8493
1740 1115 6270
1488 1377 8428
1042 507 8534
58 1580 1139
1738 1714 7155
657 1215 1554
171 939 5962
158 1140 5753
543 1636 6019
289 1258 2585
1160 1308 6719
1681 1262 3303
1755 690 2487
1443 1745 4209
389 253 9830
45 809 7302
1557 719 3784
1252 91 6032
1545 1511 4932
139 1081 837
69 199 7191
1007 335 9454
16 1353 1379
648 404 9318
160 1649 3895
1234 1327 4662
1753 126 4720
1028 1583 2064
1665 90 4703
1712 1142 7258
1568 1772 620
684 1224 9517
1237 1050 4379
999 383 2013
1395 1093 7869
335 1514 5819
405 1223 7338
1426 856 4216
134 1663 6877
466 119 3420
1518 488 4928
982 1209 8680
801 6 3736
70 1192 4264
162 1393 35
823 920 7997
407 206 1024
631 1572 3128
181 1348 831
34 990 970
207 1564 3179
1181 777 7771
1315 964 6372
970 936 713
1469 524 1121
237 1716 8436
247 441 5541
1349 1425 7734
592 1746 9552
1703 529 6967
179 249 4585
1142 829 530
907 1620 8682
423 672 8881
1445 1340 2652
236 1237 1856
671 820 5028
950 724 6303
1751 357 3389
1023 1136 7177
1093 632 855
1552 748 9636
68 1733 1855
672 1182 7897
70 1596 3904
725 1652 4838
1415 1522 2330
927 70 609
1740 1269 4482
1163 1019 8272
637 962 8666
69 319 4341
1689 477 3344
1400 1036 6479
1472 1274 1516
1018 1768 2110
733 212 5446
803 1535 710
1405 1220 6534
78 394 7592
186 1283 5104
1058 1167 3660
429 458 78
1706 1130 307
274 1473 3183
531 244 9195
1493 902 2736
1261 674 1827
165 200 3881
1501 1169 6817
72 796 9547
458 992 7938
831 1447 7944
70 309 3073
761 1620 5394
735 163 923
341 760 1751
1221 124 9714
1172 1035 5085
966 1067 8815
493 1241 7066
1544 44 8220
1365 953 9047
1333 1480 6354
389 244 6454
917 675 1360
1525 1274 7728
143 1335 1068
345 1089 2691
522 422 3038
1778 1743 2683
387 170 7802
1360 1281 8399
1207 921 2222
477 828 2158
715 991 7997
669 1164 9019
1104 1636 5866
1732 226 7383
1756 1079 9544
568 1490 1982
1271 1705 7281
1256 1228 6372
386 1790 68
652 1699 7968
1334 145 676
614 636 4040
795 655 2126
832 601 5230
1039 1095 3610
1688 910 9259
569 1215 1494
1385 1282 3850
70 1233 8430
1147 897 7288
123 1648 271
1741 1185 2746
1011 1676 5646
1017 475 143
258 141 1331
216 100 1783
194 535 1211
854 492 9826
1510 66 5486
304 1293 2845
309 973 126
1077 95 1898
377 1619 2400
1194 59 431
375 990 1695
1402 175 2898
1616 1514 2526
197 649 9554
337 1437 845
1359 686 4520
1183 932 192
396 1132 8463
1679 912 7276
594 573 4497
1388 947 3267
791 279 9620
146 1093 3984
1563 946 500
602 699 3526
1728 1010 6181
553 1445 8721
899 580 6909
559 1726 5160
106 934 2986
945 505 628
1141 1185 4074
979 404 6753
411 1778 2028
996 718 1050
1466 501 3222
1321 1635 8028
1374 1779 7300
69 866 5436
1540 1657 6148
1335 957 6299
384 802 5071
996 785 5543
389 503 2474
173 1366 5958
1621 1317 9037
19 415 510
1241 1272 6450
410 1781 8632
834 742 9713
939 1049 2645
304 150 4027
1589 1144 8224
1170 1265 4789
486 1027 9686
1383 136 3735
1158 1591 2995
844 128 6742
629 1185 5102
533 1147 1341
741 1014 7126
457 1625 3618
1722 33 510
769 174 7383
56 581 535
1248 396 7071
1652 21 828
649 51 6723
1559 882 8963
1436 1703 6085
1048 84 9490
1578 675 5364
1121 147 575
219 1156 7888
293 1640 8300
1740 1024 4960
519 558 2066
1174 824 4930
1477 414 6476
1773 1611 9618
550 916 9831
1390 836 429
1361 1107 9480
924 350 3287
1351 55 6701
635 1669 5723
27 1644 6152
637 272 1699
1233 410 5032
1605 1622 71
883 1539 6714
242 1654 491
1675 1039 2608
1213 395 2579
1677 1183 8192
925 1550 2554
908 336 3711
1546 413 979
1296 1458 6734
353 1181 9774
1021 729 6198
431 1579 8319
1367 643 8815
1425 24 9930
1211 642 7078
1162 294 7891
1793 828 3088
157 1052 2004
753 1312 5625
1125 946 5632
482 555 1137
18 1057 8471
530 1227 6601
870 305 9498
986 1067 1017
1081 1465 5376
672 727 3349
937 465 5241
1627 1753 3137
333 43 1331
1090 558 1521
1467 75 6219
709 234 6053
111 1572 9221
1120 258 8117
46 964 1534
228 586 1337
387 482 3985
695 1732 7963
1634 1126 9672
1207 276 976
275 841 1222
1450 1122 1987
552 534 1154
1328 503 9844
1145 1777 9301
205 875 5377
1295 822 6679
1632 397 3587
1063 1212 3989
409 699 5835
297 1411 3607
1011 932 6798
1145 1282 4753
1261 860 2302
237 181 1880
1686 1575 2218
1727 119 9063
385 25 7832
1564 1428 1617
1638 1748 5297
1534 505 7609
219 1683 4781
1574 935 2239
218 942 8480
1165 509 4941
1084 749 7557
973 717 8210
598 706 5065
619 633 1646
522 1418 7898
1079 126 5135
1240 916 5728
446 729 4475
1398 572 7996
54 481 3790
1365 689 3504
259 1413 1333
1709 1317 223
1625 1622 5131
1771 92 7717
386 679 1012
545 848 4825
1314 1411 2040
126 43 6738
1417 343 5649
1183 1206 3415
1264 1481 1431
726 1289 5994
814 1336 5163
1400 1100 9847
221 1326 7746
1229 133 9017
1096 1155 1076
147 1585 557
807 635 7924
1347 1287 6490
1437 329 4210
984 283 9072
1553 733 7663
363 1552 4400
283 1211 1009
196 609 3308
56 638 3223
1390 1184 3888
1402 1660 6429
1761 1367 8432
1129 331 8292
1453 640 7235
741 1228 3595
61 616 1248
240 1701 1074
369 592 7015
63 813 8736
664 302 6258
1304 931 690
1109 1367 3069
490 799 4854
32 553 1538
1680 900 4871
1216 265 2650
463 565 492
1647 1408 9056
1322 1439 9068
1046 682 8760
1139 1503 7524
914 1497 6511
1781 1125 4171
126 1190 4371
1366 1745 7268
1282 1153 3863
1394 300 7878
140 842 8927
845 1 2040
973 545 4146
1584 988 5984
1478 58 7567
1751 1731 1565
1460 788 1999
449 1260 1907
1545 1524 1838
97 190 4758
1556 196 3396
1484 196 7273
746 1753 5944
724 534 969
318 340 1254
292 745 6325
431 129 2847
652 114 1440
1025 406 9377
1246 150 2601
1679 1557 1512
689 661 8634
870 1085 6037
1357 1552 1119
27 797 5630
1168 415 2841
1289 1130 1157
1800 967 3539
1397 1394 2044
1625 852 6964
76 1344 9192
520 650 6422
960 322 5429
448 1282 2981
1445 602 6810
956 1538 1163
1386 161 6013
446 1708 7658
1757 1290 3034
687 1076 8459
1727 461 1919
1687 1699 7046
1738 769 7739
1062 889 5394
1127 696 8872
667 1786 2623
1396 1525 6182
549 471 5057
165 175 4600
792 1656 799
665 116 6020
657 1480 1148
1520 199 5590
1484 152 9237
547 339 646
77 512 8652
580 653 1515
1502 642 244
503 716 398
984 1049 7613
87 1603 7444
12 746 5489
1645 769 1797
1435 1552 4047
679 1416 8082
1228 1150 8263
1397 700 934
974 247 2502
241 422 587
1494 217 6356
470 1737 3952
1418 1579 9660
737 1532 9352
301 20 2779
991 1264 7590
85 54 7948
279 619 5543
299 1578 3730
73 1102 4112
1139 733 2839
1077 739 6265
221 506 6532
992 123 4921
266 136 7265
1532 1782 627
393 1719 6702
688 675 497
1651 15 6130
1527 922 1727
1645 609 7316
196 703 6395
822 1033 2727
885 761 9419
321 1603 219
1222 1267 9822
1668 853 5809
1217 210 6502
1761 981 4238
1372 624 4933
1701 1772 4163
1003 1447 4120
1239 561 155
663 1249 785
1346 1058 6694
1310 639 2392
261 1416 2294
148 1024 7796
609 298 8551
1026 1140 7558
349 1269 963
1613 1281 1414
38 1297 3014
97 340 5489
1203 655 9565
1599 995 4162
807 384 1318
1340 378 1392
423 1097 612
1123 564 2872
1270 1341 8369
1566 1260 3691
341 747 7337
768 524 3162
1281 1073 2355
1773 1653 561
607 1120 8562
814 1062 4401
346 817 9436
718 186 4674
696 1095 9178
1778 1789 3096
1713 1095 3665
304 630 2372
1633 469 9696
822 443 8653
47 1528 7754
1118 536 3728
910 672 4261
216 305 5061
1691 1566 3364
72 682 6612
968 147 8065
136 373 6439
1519 1357 3230
528 635 8064
738 631 861
333 1589 8270
314 1768 5469
1263 260 4572
854 590 2663
863 1662 2618
94 1627 8074
368 324 8318
1423 1760 8899
43 1426 93
769 464 5472
1417 621 4246
182 680 4567
348 675 9280
981 1021 1937
1143 1399 8757
360 701 3836
1319 1491 2766
378 602 9441
633 1546 9311
1149 1339 114
1389 1606 5541
410 109 2951
1570 143 5263
688 1034 9210
1187 292 2602
610 368 401
241 662 3425
1404 1221 5356
691 738 5812
373 1112 1487
731 1574 2087
979 938 1153
1234 1624 9982
1106 654 1653
1182 1227 1158
1526 1750 6280
1689 58 471
1467 568 7291
1293 417 8313
770 736 6099
478 1521 1395
102 534 8255
1400 1292 4075
959 1219 3688
587 233 1946
206 239 9279
1371 1089 5503
937 1078 5475
884 1402 1879
497 740 6497
157 1220 2394
562 1165 8529
155 1714 8264
209 986 7022
345 1258 8805
1548 520 7317
533 1672 2402
1566 1570 7776
150 1671 1389
641 585 6644
1796 792 4043
912 1490 8266
737 111 8693
1244 625 2346
1414 588 5328
407 340 3166
1743 1455 6209
1239 1290 3781
1027 1070 1664
1669 228 9606
1261 411 2890
1118 1507 2936
1072 1361 4573
1249 1244 5214
379 703 1535
121 1729 1672
280 512 6143
1532 1393 1046
675 1329 2576
1420 362 2271
384 723 2179
1293 485 7731
412 147 9171
776 19 1965
1096 295 1158
582 862 3533
1603 1219 9026
537 1057 3828
351 125 5981
991 579 6272
342 788 7641
1567 257 7530
974 1360 526
593 636 5966
1705 421 7610
784 627 9769
505 1649 3654
90 385 4713
332 896 4426
1530 1752 480
1723 1308 6675
293 1039 9578
985 1762 6643
292 530 3442
1418 491 2698
1568 281 3407
1632 207 1922
276 611 2340
557 1648 4704
1439 1714 8807
1101 197 2457
1728 1378 7841
603 285 3810
1118 1462 8086
1367 1294 3516
983 923 935
165 358 9407
209 841 9926
8 505 4966
559 1133 3577
1560 307 9979
485 28 9346
1385 1472 9156
807 405 4589
974 705 6317
1606 165 3179
910 1265 4694
1148 1576 4445
140 1319 4575
1754 1109 7637
612 1022 4131
350 1434 3417
1468 108 8914
1034 1202 4888
1720 631 7779
138 1788 1873
618 894 7993
1750 837 5393
1065 1285 565
152 831 7725
1497 82 6028
1207 1587 2081
1403 31 7337
117 1789 4071
1085 352 4613
516 1062 5179
1580 280 1285
136 1415 7182
8 478 3508
1552 427 1720
937 1740 9410
790 77 7091
1224 282 189
1617 1307 7717
440 1688 1374
920 179 4493
1405 387 9606
497 1237 609
1525 1041 5897
937 480 2647
1526 495 12
1287 272 3938
183 874 8523
819 1040 6830
1779 276 4333
516 1412 3487
578 233 1706
546 673 1190
1506 898 9133
504 272 181
1437 520 4454
1766 1367 1716
948 276 8483
181 42 9668
1604 127 4096
891 1291 1747
1399 693 2843
1224 101 9297
765 326 4396
810 221 4114
1763 383 4116
429 1596 7235
373 485 6933
1167 1256 3730
631 779 4321
914 1130 6793
1050 1142 8503
962 125 1051
1084 950 2523
257 1068 8737
352 1527 7204
704 1644 4325
567 1304 2539
1681 1171 4016
542 235 2274
850 336 7697
866 1150 1874
636 933 7519
1312 1760 7641
59 497 5584
793 471 2739
1208 786 6681
709 193 8855
29 155 7160
1422 1648 9397
327 1321 2160
136 1451 9646
458 820 3573
1456 722 4708
185 1699 1639
345 1458 3171
1261 544 7619
406 929 31
39 661 1928
1524 1787 3087
1448 398 2263
1030 557 8169
1312 1040 2830
999 297 8560
693 930 3445
1098 459 7851
511 1251 7258
1150 1018 4566
1800 1483 6761
1672 307 9422
72 1453 3775
504 377 2040
1538 724 5041
208 769 2019
1504 197 8712
1185 901 5583
1350 1037 3615
247 1326 1949
1396 580 319
1055 1438 7240
885 1577 7945
288 294 4371
1735 16 4517
64 805 5332
1435 880 2347
712 361 1985
1263 105 5264
1137 66 1481
1161 109 418
623 565 3669
495 1285 9718
1006 102 6849
27 1023 4000
4 1040 6677
548 1606 9284
1703 1177 3176
1706 122 7437
808 1521 1174
1321 800 6588
1607 1459 6608
746 1069 5442
623 734 8772
741 486 2352
605 1645 7150
1059 907 6654
1717 269 9999
1418 1525 8202
780 862 6380
249 204 4755
989 630 8922
1759 573 3590
701 929 1223
350 339 8872
1489 548 8220
1229 581 6516
1546 220 8001
1333 1560 7063
1255 673 6416
1771 453 4137
227 1681 9646
1519 54 6702
296 474 4647
1131 108 4109
1028 222 8489
1328 1612 8399
81 445 4755
413 730 5052
1130 166 3135
1376 493 4162
708 616 9116
953 1093 5607
779 344 4752
764 58 2993
1726 251 365
823 111 7538
621 1302 7027
1789 1589 3193
417 178 822
1185 1123 4134
268 501 2112
54 958 5933
490 1159 9562
462 989 6382
926 641 3398
1248 120 2756
121 308 1824
1759 882 9468
344 1792 9941
488 1715 9512
1174 843 4307
1643 962 1316
337 1636 5123
1054 1282 2583
192 792 2804
677 1211 3485
5 348 5977
253 243 3252
1790 891 9109
1331 1414 949
1793 1785 8181
191 1548 133
1424 24 846
1742 778 4732
171 619 6744
1752 1099 2132
877 249 618
927 1446 2245
1673 1492 999
1208 1283 4464
1341 577 1609
1382 210 2235
278 185 3500
372 1148 9324
822 233 6909
947 901 5912
1651 583 9908
180 1209 9869
233 1589 2767
1215 302 381
1498 129 6240
973 697 574
59 1134 4633
321 1037 4416
987 165 999
190 1321 3325
791 1639 2284
1180 80 7959
1361 1678 8640
1012 1423 8077
417 1762 5658
1494 601 4175
1227 33 9915
928 1414 1892
283 634 9211
1297 165 2842
526 1163 4071
1421 1783 2909
1674 928 8490
275 1085 8794
671 695 3834
589 1580 7477
832 777 6550
1272 1383 1529
1412 1091 9855
252 460 2672
153 1365 4100
644 1420 8227
1658 89 7745
921 1188 4163
407 1111 7466
1484 1041 5288
326 192 7299
1170 3 7577
1553 1202 6403
1228 871 5613
823 539 1146
1239 1291 9505
1278 1312 975
1040 1789 1194
648 350 1743
780 1437 4124
92 1362 4754
1174 668 5355
432 1006 3615
1313 1651 4257
1357 1269 4387
1136 1240 7585
380 409 5293
1324 1166 619
351 449 2973
581 779 7328
537 791 8637
1163 408 1976
434 746 8927
951 1044 3968
1397 1089 2905
1420 384 9977
491 1618 526
1564 1618 8783
829 57 542
1656 123 6535
621 203 1615
1190 99 940
1094 44 3741
1025 1743 6746
645 575 5008
1053 505 5035
639 238 7580
1362 49 3618
483 929 4094
26 74 6134
771 796 7381
165 1334 4624
806 771 2126
148 1093 9175
105 577 9188
420 244 8363
1063 761 102
1557 242 4193
1541 1643 9131
1707 1392 1726
283 555 2339
1588 89 983
831 413 6335
1706 743 5911
715 757 6708
1707 951 1537
1241 621 8122
870 87 2696
805 640 3979
1288 1287 1996
635 950 9753
871 1701 9176
891 1312 2448
270 1581 8089
121 237 622
610 1279 880
137 1189 5872
1163 1706 4107
1034 214 8830
1326 514 5424
976 693 8456
1313 1725 8139
1032 1102 4593
1488 115 6425
296 1302 1021
1223 174 1541
877 73 7255
1376 1287 5251
1304 911 4837
1103 219 6731
594 1235 559
1148 822 6183
1782 358 1741
1368 614 8271
1087 1072 5632
1459 1665 4500
1492 553 7699
1508 1475 7819
1793 903 7491
1546 434 172
1190 311 2027
1305 1147 2251
1541 584 7060
1304 1579 8582
343 838 317
842 1750 5375
1231 524 7302
675 867 1803
1739 77 1555
1253 291 3964
1264 1700 558
1083 1430 5659
485 985 1165
1069 1360 2857
409 1622 1510
692 155 2568
1560 1714 1695
1527 1102 7141
692 541 8538
1670 742 9704
1360 261 2255
511 1636 430
1298 1192 9307
1438 975 7621
401 1162 6682
986 746 7609
1715 1729 2113
669 1295 1038
1356 998 4334
1491 1725 4862
1011 565 9058
1430 672 3925
1319 1384 6863
1624 183 315
201 528 5871
1114 1491 5873
579 165 5284
716 638 3294
665 936 2678
1446 905 4828
141 454 4777
678 674 4894
1041 831 8526
41 1637 308
944 359 3757
926 370 9489
510 771 3713
465 1231 5372
1640 1527 9156
1077 262 997
766 624 9195
613 649 1002
1703 677 9012
859 820 6586
1445 1594 8463
1002 203 4984
450 1088 4266
201 1757 2979
226 78 7056
264 32 2629
443 1316 6308
1423 638 5435
1105 1457 3930
1260 776 6195
1542 554 5174
724 770 4220
1529 1309 7864
1197 1759 2201
574 142 9399
276 1013 9735
118 905 1645
1026 1739 7313
135 88 9987
1627 249 6465
246 55 8334
1017 584 9226
971 1469 7609
549 1747 3554
133 1437 1220
935 1557 709
1008 1334 4604
1335 740 8679
1323 87 2716
357 310 345
766 1182 6821
973 1683 6783
1787 154 329
350 442 2976
1787 1551 9997
821 935 1167
372 257 8751
1196 1332 1754
1017 867 2469
96 927 5104
34 890 1224
1554 589 887
357 1549 5632
1694 1780 1086
1444 1743 9217
82 302 383
1600 935 3541
1296 476 7897
1118 311 4731
551 1704 988
1287 1395 1600
918 1375 9782
22 1276 1340
706 598 6701
77 341 6144
1305 91 9725
776 869 5022
1302 1535 7251
990 1462 344
1143 1522 5466
1084 1764 8909
102 223 5125
1452 193 4224
612 9 1502
1765 1351 955
292 221 542
891 1295 5444
1606 1569 1501
146 1137 2125
1305 1580 9979
1759 52 6978
1639 1271 3935
1183 928 6253
1659 1660 7728
1307 737 397
1292 1078 1714
563 1662 8841
1200 1776 3522
1313 642 5294
1562 1578 2020
657 1706 1616
117 152 4029
1279 1144 9600
1478 708 6044
1209 1759 4026
116 903 8749
950 1535 9042
1754 155 9872
246 802 2303
1735 748 8918
780 231 7575
861 663 7486
1440 1446 5724
1784 1011 3711
609 548 8535
985 991 3206
2 1465 4340
1555 1731 6849
675 520 8878
437 466 7931
1019 1238 187
72 1375 3370
812 30 8617
1026 1623 1960
1335 1635 9210
692 599 2446
1240 1151 4302
400 1311 2407
316 835 3728
175 718 9091
466 607 3843
1265 967 905
896 1155 8109
1557 60 9234
1542 318 7524
11 1601 1075
1127 1607 8503
1199 1771 731
503 1113 7775
664 506 9549
1512 220 6823
177 508 9983
713 977 3066
1607 532 9204
311 317 8443
228 50 9030
1725 665 2697
418 155 3191
1234 536 180
75 164 7193
594 35 5643
1216 1546 2555
1719 969 1191
1584 333 9911
1368 833 4380
155 1293 5785
746 780 4654
1159 1565 7346
101 918 1458
809 815 2013
1097 421 4742
111 463 5280
98 172 8467
1053 195 9415
1361 729 3825
1478 626 1821
1189 829 9882
1725 1301 9723
729 1428 2387
44 371 9542
319 109 5672
452 752 4275
428 163 7719
549 32 717
1557 805 6319
991 1351 5050
1218 857 7849
1481 724 7818
1217 1215 2327
1665 567 6625
221 613 7948
21 1160 806
280 1470 1931
609 881 1276
598 760 5635
914 478 8432
547 1238 2171
417 715 8084
1720 122 762
1699 950 2874
1673 422 7705
1016 1334 7716
481 988 9756
345 1315 4283
1217 643 2814
55 1095 190
198 1052 172
16 1332 2013
1690 1382 7444
1637 992 3285
198 670 9487
178 1198 7710
1598 610 5276
1749 270 1490
332 960 9566
681 199 672
312 665 7688
492 306 3138
280 1747 7271
263 1138 2747
467 1719 176
558 1243 3173
484 191 986
1080 1016 5689
189 339 1391
24 1696 654
1265 1389 4542
1004 739 3271
702 1747 9860
629 104 5400
1017 1357 5740
488 154 1336
876 1175 611
899 1420 6669
509 1200 385
1548 362 1715
528 1259 8116
1454 1402 9102
63 333 3183
1348 1490 3330
1423 919 1074
26 778 1136
374 6 4586
1289 1788 7731
684 937 5259
515 987 7531
575 250 5964
1007 433 4025
715 791 5668
846 268 6763
1273 178 7491
1262 1403 5210
1446 1159 164
1535 1389 6994
646 430 9648
1180 339 3840
1753 770 2101
1635 1710 3826
1631 208 8217
200 1226 491
816 1138 7049
126 637 2357
830 1685 8838
1710 970 4875
902 330 8785
1340 58 455
859 1674 101
1040 1661 5928
949 932 9094
1474 1580 7528
354 147 3128
1688 1794 3852
1235 786 658
692 308 2620
1338 211 3508
665 29 5718
1417 448 8981
1238 1167 1789
1366 1481 674
1270 1254 8375
245 439 1619
1478 1766 2342
1749 710 8255
663 367 1526
1023 9 3347
174 1559 8696
147 1562 3630
809 89 2254
1613 1073 3935
1708 179 6471
496 7 5107
1229 1669 652
529 1355 6265
844 72 7195
718 1739 6311
158 1677 1268
1703 830 8914
1010 943 9058
1733 1240 4169
709 1779 2603
26 1615 2003
67 582 4362
1409 550 4345
134 1342 940
1559 1575 5174
1379 1157 5418
1752 309 3741
379 762 4982
1094 1585 2539
830 98 5944
255 1405 7294
942 287 4250
1318 1639 4918
250 1198 6002
1516 792 8586
185 1039 1199
1559 157 3389
65 272 551
1323 996 5234
1536 1090 5632
568 1666 8749
1682 960 5373
804 372 4635
483 20 7434
1361 1532 6292
471 931 3659
553 46 6399
1559 1315 5489
232 1739 8790
350 1628 1486
50 412 1532
1212 956 219
1790 1315 9051
1025 1190 4566
1043 102 5473
582 1517 6321
1593 1036 1997
1072 181 5288
274 660 4502
1206 546 1699
914 363 9100
292 644 1084
796 1342 8706
504 690 7362
454 897 2459
44 1158 7743
775 646 2757
1004 209 8790
1399 1081 3299
387 1568 8576
383 763 9374
576 271 8455
1354 236 3645
213 187 8980
1244 542 7828
1427 381 8438
849 383 2170
639 1501 5524
592 1638 1087
489 765 7892
144 1657 2270
158 927 9228
1195 926 8334
579 56 9800
770 544 2910
1397 1470 8732
696 139 4177
1646 1159 8171
771 19 8151
794 492 7960
1184 1657 5485
82 781 6605
405 1351 5832
1087 1198 970
1644 909 206
970 1305 4656
1766 1780 852
196 1606 5389
1501 1322 8718
1345 999 1913
1734 111 3156
1609 800 2402
350 71 4833
1081 470 9892
1324 575 3057
206 910 2125
678 837 523
195 1138 927
1512 1235 988
405 223 4646
897 1228 3894
1244 1489 3580
1664 1017 2488
508 170 6826
1350 644 6287
1788 160 8818
365 1238 1260
1742 605 6538
833 1542 7399
288 1221 6523
1052 827 9940
585 1635 9193
1112 1491 4772
751 1260 2917
376 715 623
880 1175 1153
1535 257 7440
655 4 9266
813 1056 8689
1672 1092 1708
1614 508 8167
998 305 8970
1125 110 6720
45 1207 3581
128 1688 2939
155 1698 6934
829 484 1512
1124 289 7974
1620 562 8402
877 258 9989
1406 152 6089
920 671 2033
1054 398 8564
673 929 2090
1574 698 8022
1135 1444 3194
501 464 4047
591 10 8426
767 1637 1302
948 188 7506
140 614 9221
739 645 4015
805 1556 1813
622 1280 2140
748 658 8219
1582 1421 6842
1162 1073 5666
285 1399 9921
342 427 7658
1676 289 7066
867 14 2768
1386 170 1949
555 250 1823
941 1181 4552
394 1750 2439
502 1413 737
1158 967 653
1391 152 702
188 1698 2627
1319 202 289
1022 1404 2584
457 245 6281
579 830 2481
1568 71 4198
62 1494 6857
1383 1564 3676
1316 348 4775
424 677 4572
1295 1585 5279
1722 1489 3390
1448 1286 2411
488 537 2323
36 251 4698
215 713 1561
1028 278 5673
583 78 9663
1123 958 8000
702 1322 4620
1243 544 6336
1520 247 4522
400 209 8203
802 1242 3080
1304 452 3443
673 358 2335
323 30 5847
814 1437 5428
159 951 8538
92 498 5359
1710 563 4709
1084 1682 2026
1188 1425 4320
1031 451 5006
1546 643 1581
917 612 2314
472 438 4517
422 790 1956
1154 483 6166
702 875 8004
945 1263 3020
533 1390 9870
1221 1456 9710
239 1690 6560
1600 1656 1980
577 1598 3341
1222 470 2503
677 1625 7337
203 538 7664
1750 882 2276
1277 496 9717
1295 666 1195
1259 528 6777
280 1709 4253
365 1533 8211
1290 1230 1290
1317 324 1913
1693 299 8306
726 1271 5421
639 48 5308
291 1618 5160
503 1207 5254
258 1484 8422
442 1270 8188
1178 233 401
221 747 3307
1794 367 5633
979 38 1512
436 1783 5508
680 421 2011
897 662 2970
62 1564 8161
1125 1180 1363
1280 1677 8162
1709 1275 7164
1501 1391 944
1288 756 5543
1623 715 8225
347 1189 4986
987 171 9421
1609 1687 1323
90 1389 7562
594 1399 9193
273 678 4696
498 1426 1229
1534 1771 2776
885 542 9490
1747 1718 4018
1649 1382 4946
207 1302 4135
420 701 5891
682 1222 1778
894 366 1601
1648 122 4678
1209 106 413
273 359 1715
984 99 9669
1663 522 2826
1045 1280 9605
1194 1747 8147
543 385 4334
1480 1106 1596
723 757 9877
136 153 1924
369 1242 6494
1440 508 8295
513 508 5674
1116 806 3036
1391 856 9614
714 1390 397
388 370 2517
1675 153 5175
495 541 3048
548 424 5650
1411 123 5612
1037 1428 3905
185 1293 6605
1128 1521 3853
873 708 8409
1717 920 7071
972 296 2047
133 201 4252
1341 368 4328
926 663 6661
1025 1251 1590
1094 789 5023
604 1662 3867
354 618 80
349 750 4860
656 336 6506
1179 543 5496
714 1147 6459
1513 485 5875
1725 1031 3573
760 1418 1543
291 1298 4203
76 513 3436
1790 531 2926
1448 1202 342
517 1561 3142
325 702 8096
171 489 9475
488 1533 6567
1012 1746 9094
1459 1788 1721
571 130 9787
615 1220 1215
1346 1390 3113
15 489 2744
544 1173 3100
1344 712 5959
1353 1414 8305
1463 1100 6335
1785 1170 6707
130 929 6956
1419 1252 9494
1747 1473 8069
1761 752 5890
793 247 8417
1428 1465 4993
1633 82 7735
85 1310 1099
1253 771 1754
1092 1022 8961
299 1682 1907
1400 755 4296
1304 197 1649
1199 1693 6424
670 609 5230
1360 560 7381
1051 1021 1154
1183 1592 3229
1466 1397 1965
1048 715 1395
1719 612 5873
1119 118 3818
119 1141 6446
654 980 6516
1646 483 721
192 1587 6637
108 934 3790
29 1297 2323
1434 1265 6812
1150 1559 1641
32 1377 5490
1186 92 2348
1626 463 8896
17 1596 340
1012 425 3888
1481 105 7854
1354 733 14
1423 386 88
653 943 2725
1383 403 558
1410 188 8683
1694 1341 2724
1652 903 4735
1312 1366 4933
908 1084 5601
845 1484 794
1271 747 9474
712 645 8718
1384 1686 4286
322 465 8065
471 1533 5942
1739 364 7723
98 769 8001
331 1430 4915
1034 383 5285
304 1772 784
880 703 770
111 12 1535
1705 1549 3983
367 564 7076
1351 1159 4473
1044 1611 277
249 1599 9736
673 1356 7333
109 626 5491
1025 983 7663
620 1770 3750
1007 466 5171
774 224 9106
243 144 8964
1311 910 8886
1039 1711 3394
130 827 9196
1690 1135 7492
876 503 5814
973 1041 8250
83 313 9914
1179 14 5906
983 1438 7514
741 705 9496
369 452 7576
1622 342 5155
723 1367 7354
356 1356 8797
1296 1171 2761
176 112 5906
556 514 4640
606 964 3852
1062 424 5330
208 927 4701
1581 69 2188
159 62 9294
664 1698 3612
579 891 8328
1081 199 5121
709 1476 2448
1564 187 229
1490 254 8823
324 1668 5976
922 1778 9233
646 577 8942
521 496 597
1705 1349 586
1484 1131 1671
1413 1055 5484
1072 628 2034
1179 1487 5064
239 1083 6041
1717 547 2825
1243 979 5854
359 682 7957
1096 1700 9796
805 1095 5506
1188 206 4610
1582 810 6521
1313 1708 1784
1065 1698 9672
838 1742 3990
534 1519 558
434 331 8714
1423 751 1858
42 1366 5082
128 1406 1572
1580 920 2770
907 19 9687
860 278 2575
265 1615 5518
766 1131 268
1702 1536 2918
204 424 1404
379 295 8917
986 305 5993
784 439 9969
791 20 5196
1179 1270 2418
1743 1581 8557
1348 1176 7755
30 1133 749
474 441 4694
630 1212 4913
555 554 9647
908 1491 4640
190 575 7492
983 535 1104
397 135 571
1019 1442 6702
553 278 8003
1556 651 5324
485 1711 3631
941 1488 1055
399 1276 4975
75 233 7449
1587 482 4256
1101 1296 6995
1586 1232 6535
734 880 5598
955 656 953
1061 636 8891
175 1113 2190
836 865 7113
851 1171 2327
1752 1341 1071
1609 1484 8124
279 760 8794
286 18 6443
1456 386 4312
1059 1569 2397
822 23 4356
406 78 2666
726 377 517
536 540 9903
467 708 3010
1651 142 1453
935 1391 1016
445 1766 3717
1332 120 7902
255 1285 7059
1659 1272 8087
122 371 2937
796 1489 7146
749 1528 764
38 1172 1534
1263 1611 7843
305 799 8649
1787 355 9166
1145 726 6425
1276 532 1317
1229 1704 9876
61 1075 5635
1008 85 413
21 1117 8258
823 926 7255
1339 380 6567
996 205 6223
1726 1010 4656
1058 838 2772
1136 18 1388
1785 1709 4441
739 556 6811
651 185 157
227 817 359
639 368 4858
1221 904 4915
797 1356 1404
967 896 8274
18 1494 5332
330 1422 7914
1390 745 45
837 912 7659
556 602 6958
1435 1137 5001
1481 1334 4256
287 1575 5089
136 1404 5553
174 732 2539
1044 1652 1626
277 17 4204
343 791 8829
1628 1185 8175
1706 136 1123
443 564 7332
1677 1186 5780
747 1121 6872
1240 171 7015
1318 361 6358
346 832 5100
1595 865 3310
1562 483 9319
692 1672 9060
555 1146 9967
650 1033 3868
1709 1081 7335
435 1762 2212
457 1698 9836
1153 742 6818
260 1699 192
911 127 5583
23 1640 1686
295 887 5171
1718 1570 6477
238 776 2881
1271 1535 4625
1388 209 5397
940 691 3504
1365 196 5309
1523 1215 2074
669 677 4550
949 752 6861
1411 421 3112
534 1066 942
180 831 5188
1324 254 6587
403 1137 3388
682 1689 5360
1303 1703 1154
1510 967 6200
733 1076 1444
177 743 8054
430 1153 1304
1655 1095 4388
396 803 9972
1159 355 2923
1512 1055 5201
1332 713 6979
174 240 5600
301 168 7084
1285 1300 7004
425 609 4029
153 1371 1522
557 261 8668
867 825 4686
1562 713 8943
611 149 4535
1098 1791 5698
1275 234 7805
555 743 6362
1559 261 2865
1024 1429 2040
1707 392 1972
1691 849 8788
997 724 2942
1258 197 1772
1022 364 5019
1668 413 455
1020 355 6025
1612 818 8243
454 471 4657
1370 898 6095
1300 1442 2626
897 1486 9169
755 365 57
819 1674 3182
219 403 1892
1630 1788 4597
1775 1713 9369
1656 1783 1565
1500 28 7601
80 185 3760
1092 154 3690
758 1523 5223
836 1605 7901
1534 905 230
1405 1245 5052
1088 914 9722
1056 692 4367
1307 1569 6450
1380 943 9584
202 276 4027
1332 1571 853
1271 1412 688
268 1694 4926
1582 966 513
163 1279 8511
52 1408 1746
167 375 7583
1473 1464 4375
1020 1041 5873
1731 1065 9918
702 623 322
260 1678 3436
409 863 1539
1566 1555 5084
246 309 1913
1749 313 7477
1432 41 7075
1382 226 7338
983 1180 6763
1478 85 2615
1132 878 4511
1644 355 7834
669 547 1681
387 1699 8992
739 39 750
1354 1018 8705
1706 1007 7899
1614 1486 9725
120 561 1398
986 700 4520
680 21 3915
508 1104 6499
80 965 8356
307 1717 4828
897 306 6678
200 1404 7625
838 849 8938
1162 1001 1712
1545 1134 7321
125 420 7641
49 767 4554
1468 1613 856
776 563 7280
502 19 4101
555 1563 958
151 357 6381
930 1352 3518
1231 545 7214
835 1535 9122
64 461 5934
313 450 2122
1755 1324 2413
1738 1648 3191
1044 315 9643
1256 783 349
1583 1699 9404
1359 1464 3295
1729 1753 8283
1640 1420 4743
1387 835 3467
1013 621 7205
1284 997 885
581 710 3802
486 1477 3486
1201 1486 6085
1515 67 824
983 154 9084
537 12 203
1111 771 7502
1219 655 5669
1180 1336 1575
856 1409 2735
1604 204 2373
753 790 1297
1618 1577 7003
1191 385 456
19 1182 2675
226 13 3190
1552 1103 5192
1465 1323 2075
411 748 1507
590 1574 209
204 412 2854
1120 596 3917
1709 457 2311
1718 751 7828
1172 1471 1359
674 661 5531
1464 497 1299
940 501 8116
1391 436 9121
1024 1490 1605
143 1784 5646
137 1659 377
1779 1355 6031
983 171 7292
1480 1167 8310
711 286 5843
1639 998 351
417 1669 5658
1436 1532 8459
183 1099 2433
880 253 3068
1627 1792 1480
484 1208 5137
81 1476 6986
558 1531 5651
1599 200 3959
360 825 8576
401 313 2838
542 9 4647
1225 1510 6795
1216 896 2325
918 115 9012
376 688 6591
1668 702 5401
885 226 4289
444 1497 6468
57 1010 4838
1764 1168 4654
231 473 5959
1145 1790 9404
760 232 7992
676 1770 3881
814 906 9600
234 1342 4709
994 1274 2825
935 395 4654
211 1182 3241
285 926 6829
1520 1300 4383
1657 1063 2371
1375 60 3201
1558 1043 5125
1590 773 7125
597 1135 6549
545 955 1454
220 1672 9042
1084 1601 296
862 256 5282
114 299 711
803 259 4382
1462 1510 8812
697 906 926
202 11 5865
1059 1670 4934
422 417 5206
1551 337 3472
1331 1378 564
549 753 6971
1479 1160 9745
342 1405 9236
722 1624 2285
1578 1324 9795
522 775 9228
223 1291 2585
1603 155 8956
1790 375 344
1243 245 2040
1303 707 387
788 1365 7981
1343 1588 1014
1522 14 4173
503 466 8632
1639 1211 8625
1121 785 7023
1404 985 6531
0 115
0 424
1 1217 1307 2500 293
0 325
0 181
1 605 726 1878 397
0 2
1 41 322 3053 77
1 1462 1093 9745 548
1 686 391 1652 258
0 501
0 593
0 544
0 686
1 299 244 3761 573
1 1652 629 8899 17
0 78
1 786 1220 425 551
1 145 1401 3874 438
0 361
1 750 1481 3828 617
1 1536 1389 14 661
1 1377 467 4263 204
0 384
1 640 1401 6162 349
1 1369 374 1645 575
0 521
1 288 221 4339 30
0 47
1 463 1236 8961 398
1 805 1733 6430 654
0 8
0 508
1 289 1134 1164 407
0 612
0 533
0 681
0 323
0 481
1 64 827 1934 179
1 178 375 9802 489
1 1713 538 823 89
0 545
0 296
0 527
1 1144 1700 3235 492
1 618 1667 784 41
1 819 984 5791 321
1 624 1391 3207 51
0 233
0 435
0 498
0 493
1 882 511 8933 61
0 377
1 492 1507 3825 23
0 470
0 456
0 542
0 664
1 653 597 833 678
1 1509 1152 1739 50
0 640
0 483
1 510 201 4613 411
1 930 56 441 676
0 391
1 549 1733 2167 490
0 600
0 313
0 371
0 592
0 684
1 373 1653 6667 518
1 271 546 5560 610
1 199 1146 8158 310
1 480 423 2008 99
1 772 199 9235 343
1 1020 817 2033 636
0 137
1 1571 361 8292 459
1 855 1716 914 236
1 713 218 7144 439
1 50 651 7178 447
0 375
1 1463 1471 2694 461
1 703 257 252 356
1 1065 1689 4256 238
1 767 801 2221 295
0 465
1 1488 1443 1753 268
1 1529 1230 1855 9
0 689
0 269
0 121
1 1580 675 3961 351
1 1437 687 9060 125
1 131 737 1526 27
0 596
0 147
0 479
0 200
1 1427 586 7983 365
0 283
1 1083 154 9183 647
1 688 1428 1577 190
1 911 1164 2804 639
1 1100 239 6126 638
1 1765 981 7256 503
1 823 1113 7223 225
1 1239 1564 2916 170
1 1290 1466 508 140
1 486 451 9248 205
0 3
0 427
1 1406 128 9913 44
1 766 222 5068 91
0 138
1 992 780 758 630
0 122
0 607
1 493 1062 7754 466
1 1380 491 5753 608
1 1678 1677 6614 98
0 605
0 219
0 166
1 3 804 2422 74
1 419 1380 3571 567
0 649
0 75
1 649 1582 5721 487
1 817 1471 2569 248
0 428
1 93 290 5165 26
0 585
0 367
0 324
1 1386 1634 5248 628
0 162
1 864 1351 8214 227
0 560
0 556
0 378
1 476 340 121 403
1 200 1481 8046 446
0 421
1 712 381 4665 526
1 1069 1303 7 6
0 562
1 342 323 6810 178
1 713 613 9015 135
1 523 145 48 101
0 579
1 1200 551 5191 362
0 629
1 177 433 1178 315
1 1351 118 3217 58
1 549 1571 1067 568
1 70 690 523 215
0 184
0 15
0 389
0 588
1 1701 589 8766 506
0 602
1 497 1107 9028 574
1 1167 1643 9610 413
1 399 1421 4904 656
0 272
0 278
0 338
1 1001 78 950 452
0 69
0 406
0 328
0 495
0 476
0 221
1 1575 1770 5118 152
1 152 204 968 195
1 1354 986 9529 531
0 433
0 334
0 552
1 314 1367 4288 290
0 670
0 475
0 312
0 100
1 158 1472 1053 311
1 782 1619 463 633
0 594
1 1661 1338 9475 536
1 1322 843 6792 199
1 1768 1720 9438 622
1 114 688 2609 250
1 1257 217 7652 156
1 1086 1152 4106 499
1 1025 1220 3085 92
0 627
1 779 1626 5190 157
1 1012 867 2640 117
0 399
1 836 757 9685 511
1 791 256 1669 25
0 570
1 839 82 8419 426
1 292 1206 6348 32
0 35
1 834 533 9019 265
1 936 1272 8130 266
0 322
0 72
1 22 542 818 524
1 427 1702 897 148
1 3 517 4479 86
1 18 1177 7794 191
0 550
1 1389 1782 946 565
1 1461 1098 2254 112
0 509
0 642
1 1014 1342 4395 688
1 699 204 9393 284
0 253
0 127
0 543
0 348
0 145
1 122 32 3272 682
0 587
1 97 753 3611 28
0 530
1 1293 66 6028 631
1 1585 977 9514 202
0 192
1 430 1045 378 133
0 218
1 686 601 4448 366
0 494
0 673
1 1568 911 6116 359
0 370
0 124
0 339
0 658
1 832 705 4221 247
1 675 994 2739 360
1 176 1518 9610 474
0 185
0 522
0 529
0 618
0 663
0 643
0 558
1 311 78 5104 540
1 241 1314 5316 37
1 636 119 7911 212
1 1304 1302 3528 420
1 1038 424 6172 239
1 1044 1237 1835 646
1 1517 729 5313 180
1 1158 1209 3726 104
1 1146 1211 2183 68
0 172
1 627 1650 4411 557
1 1470 1726 1178 614
0 513
1 992 925 2812 59
1 1095 331 7417 288
1 858 43 6634 260
0 149
1 356 980 5050 512
0 279
0 119
0 580
0 95
1 1319 594 3100 486
1 223 174 2660 49
0 291
1 1548 271 5418 581
1 38 1009 9068 242
0 302
0 482
0 469
0 186
1 812 1229 9905 357
0 507
0 289
1 1609 1389 5312 409
0 444
0 116
1 963 115 3378 210
0 347
0 624
1 1703 161 8102 453
0 449
0 402
0 352
0 255
0 155
0 208
0 666
1 1394 1075 7898 436
0 228
1 1119 135 8328 333
1 1389 1671 2499 451
1 1145 159 3409 674
1 892 737 1029 396
0 203
0 198
1 1405 206 9297 468
0 350
0 387
0 514
0 463
0 241
1 1453 437 7235 314
1 1110 814 5529 342
1 1352 1538 6076 63
1 583 717 4784 277
1 601 207 4719 131
1 1362 581 3941 10
1 1448 1767 1365 254
0 132
0 337
1 1346 401 4031 136
0 464
0 372
0 126
1 766 1463 4929 33
1 432 812 9656 280
1 1505 492 9412 448
1 52 1160 585 644
0 307
1 540 18 4925 12
1 926 1208 4137 434
0 332
1 568 1646 5557 14
0 196
1 80 783 5881 385
1 1055 624 3210 220
0 142
0 40
1 1154 371 7185 154
1 1531 1039 8808 294
0 24
1 546 885 2396 473
0 4
1 1220 833 9596 510
0 379
1 47 790 3430 57
0 576
1 1791 1279 1024 285
1 1642 216 3575 206
1 293 239 360 572
1 874 1048 6960 29
0 217
1 818 934 9448 462
1 328 520 2069 578
0 422
0 380
1 572 839 471 226
0 645
0 564
1 1491 929 593 571
0 683
1 831 1589 6053 467
0 667
1 1511 694 329 340
1 861 1352 9049 274
0 484
0 532
1 1582 1589 9709 429
0 586
1 885 53 6750 374
0 561
0 477
1 1154 358 1028 491
1 1697 957 3953 102
0 538
1 1349 913 4693 369
0 440
0 680
1 1385 1463 3368 386
0 611
1 1394 516 5451 36
1 1328 1173 6679 55
1 706 111 6899 516
0 224
0 163
0 305
0 679
1 161 1395 9860 188
1 333 887 3124 583
0 240
1 880 742 3681 306
1 989 1513 7761 620
0 599
1 1283 350 8801 158
1 818 1216 5692 273
0 327
0 16
1 1034 761 4206 500
1 622 1223 8928 105
1 429 1184 7824 234
0 187
0 520
1 1194 1091 9276 292
0 90
1 1379 684 3685 194
0 76
0 326
0 134
1 1430 530 2459 128
1 1412 984 9026 304
1 933 538 216 410
0 232
1 933 562 2737 651
0 635
0 39
1 853 1712 7225 270
1 1038 919 1856 139
1 1169 726 4524 62
1 1476 628 6936 480
0 222
0 335
0 634
1 1167 1105 6109 56
1 1031 1198 2196 623
1 989 1040 9275 230
0 665
1 1218 767 9786 309
1 1282 1704 5360 164
1 1196 1153 9364 275
0 547
0 79
0 563
1 528 470 4922 176
1 17 416 4558 182
1 1499 953 8892 460
1 396 1135 6971 515
0 354
1 774 671 5646 584
0 159
1 170 1035 497 363
0 46
0 167
0 394
0 668
1 1195 1276 4950 626
1 263 344 6617 418
0 235
0 566
0 201
0 541
0 20
0 662
0 582
0 329
1 1428 175 7399 669
1 265 1798 1733 171
1 1277 1473 8966 216
0 246
1 989 631 6227 528
1 1332 1418 1749 346
0 445
0 169
0 18
0 141
0 245
1 1580 388 1272 110
1 1107 467 766 319
1 382 124 6644 537
0 38
0 382
0 263
0 621
1 1495 880 8034 80
1 311 332 3415 107
1 787 183 9925 660
1 1408 1657 2938 146
0 173
0 150
0 84
0 388
1 1355 279 3345 598
0 297
1 94 264 4191 604
1 456 1647 6272 168
0 417
1 291 1148 1205 659
0 496
0 457
1 1681 177 2325 650
0 281
1 725 784 9953 53
0 671
0 672
1 844 79 7755 60
1 1703 730 3143 320
0 345
0 244
0 534
0 21
0 519
0 282
0 355
1 460 1020 7289 264
0 287
0 120
0 341
1 1474 231 4432 106
1 240 1392 9599 549
1 530 134 4629 153
0 485
1 876 1406 4336 174
0 601
0 43
0 54
0 130
1 1198 1004 2556 535
1 1031 840 2265 657
0 143
0 458
1 701 34 9298 423
1 765 1739 912 144
1 1604 856 1550 209
1 752 368 9843 405
1 1787 184 6187 641
1 1515 621 7223 316
1 514 922 8155 625
1 1575 1064 4511 677
0 229
0 257
1 1783 552 6956 249
1 1010 980 2758 85
1 527 547 3941 93
1 299 1765 844 251
1 532 448 1857 404
1 1546 1372 3198 414
0 441
1 328 1746 5206 31
0 267
1 878 1232 9604 175
0 376
0 559
0 22
0 300
1 1116 697 297 189
1 582 1547 8741 42
0 577
0 129
0 111
1 1414 1180 119 455
0 65
0 425
1 1547 1207 797 504
1 1658 178 938 675
0 368
1 1419 380 2530 256
0 262
0 454
0 437
1 1149 1188 8701 103
0 655
0 214
1 681 1381 3498 589
1 1424 1140 2827 353
1 1386 1446 8319 419
1 310 1480 7366 66
1 827 12 5027 123
1 472 569 189 113
1 1701 761 9856 637
0 383
1 402 1306 1276 88
1 1605 127 4263 553
0 1
0 193
1 617 1510 5065 364
0 211
1 1561 1771 3385 330
1 320 647 1047 554
1 646 637 236 412
0 430
1 887 506 5622 431
1 883 1681 921 606
0 298
0 303
0 488
0 197
1 76 784 5209 569
0 539
1 243 418 4608 472
0 83
0 177
0 344
0 619
0 523
0 52
0 336
1 1279 1266 6351 432
0 652
0 308
0 67
1 637 898 2703 237
1 1680 1301 2390 525
0 395
0 82
1 1394 386 8367 19
0 381
0 73
1 1106 1184 3908 390
1 1770 605 1742 471
0 317
0 400
1 631 649 1890 114
0 685
0 555
0 648
0 261
0 13
1 1408 1656 7549 271
0 331
0 590
0 613
0 595
0 616
0 318
0 96
0 517
0 108
0 11
1 298 1581 3808 45
0 653
0 259
1 1440 253 7033 34
0 213
1 1270 513 4900 243
1 1120 519 7504 392
0 609
1 1299 1635 2438 373
0 223
0 48
1 648 1077 1948 165
0 276
0 401
1 1426 1149 5626 286
0 231
0 109
0 97
1 1576 1730 7600 161
1 1388 749 6467 591
0 118
1 461 508 8811 7
1 501 1516 4601 64
0 597
1 1394 500 2905 94
1 1427 1448 4956 415
1 1724 1181 6263 632
0 478
1 430 503 8857 615
1 781 1270 3005 160
1 1501 999 3153 183
0 151
1 894 677 6492 442
0 603
1 1225 697 6746 393
1 117 1345 7105 416
1 1313 819 3345 502
0 299
1 1266 1495 1905 81
0 546
0 70
0 443
1 691 1616 6314 71
0 207
1 1289 843 1627 687
1 475 1747 5881 5
0 87
0 497
0 252
0 408
0 450
1 162 1070 457 505
1 486 1114 2351 358
0 301
